647,1
39,2
669,9
3366,9
3327,3
386,3
3266,7
2273,9
3617,2
2288,7
778,8
490,5
2348,7
200,7
415,1
2158,3
1682,4
3570,4
629,8
3083,7
586,5
2557,2
3820,5
678,4
1533,3
1128,2
1937,6
3893,6
700,3
124,7
220,0
2965,2
2021,7
3853,2
1841,3
850,8
2884,0
510,2
3456,3
2628,7
910,7
572,9
423,5
3663,2
1158,7
3489,3
2925,3
3584,2
3162,0
497,5
232,7
3029,3
1188,5
2046,1
630,4
2196,7
1995,3
3653,5
1797,6
2928,3
2434,0
3440,6
3469,8
3241,4
3175,3
3028,2
690,0
3979,5
2115,6
2419,8
3525,4
2988,9
2222,1
3162,6
579,0
1585,6
3817,4
3810,7
818,7
2695,4
548,5
432,0
905,6
1900,7
2393,8
2807,4
359,0
454,0
1901,0
1043,9
3320,9
136,0
3475,4
654,9
3669,7
3315,7
2187,0
380,4
1059,5
2064,8
3165,5
3841,7
1073,8
3577,5
225,5
3464,2
3837,7
1391,0
3224,6
3948,3
3982,0
771,5
3570,0
2001,2
3065,5
1584,8
3688,8
841,0
3646,7
2717,7
3265,0
1745,2
2442,9
1693,7
527,1
2356,9
980,1
1041,3
593,7
3877,3
1634,7
3107,6
1330,5
2119,3
548,5
1002,7
3206,5
199,8
1942,4
299,6
2193,1
766,4
384,1
2708,0
34,7
2514,2
1208,2
1120,0
2642,6
3604,6
3516,4
2168,3
648,6
289,4
1178,2
2927,8
214,2
1987,6
714,2
1124,7
2779,4
1871,2
2257,4
1954,2
1985,0
2982,6
3550,6
256,8
3070,9
1239,9
2254,6
1443,0
3158,1
1049,0
682,0
249,7
2133,6
596,5
2981,2
3934,7
439,2
3863,2
1377,9
3609,4
3298,7
1889,5
233,2
1246,0
8,8
1370,6
567,4
3115,1
743,9
793,9
1613,4
301,4
427,8
542,6
3294,8
1179,7
105,9
2071,5
3748,0
344,5
164,6
893,9
841,4
3059,0
907,2
22,6
2881,2
296,7
950,9
3539,3
3021,8
3454,4
3310,3
1074,7
2391,0
745,7
68,5
1947,8
1082,5
488,6
1334,3
1764,2
2777,2
998,2
496,5
527,7
613,3
762,2
1447,6
3336,2
1018,4
2601,2
2878,6
3082,0
3520,1
2882,4
2083,5
954,4
556,2
95,8
2129,2
168,4
319,6
2504,3
397,8
1523,7
1284,4
2833,1
1099,1
1540,6
3956,1
1561,1
2856,3
3216,2
1203,0
3275,9
3024,8
280,7
723,9
383,9
920,5
3754,9
2574,2
2968,1
2114,0
1248,6
686,1
1381,6
1470,7
2398,3
2502,3
2370,8
774,7
2902,7
3832,4
1175,3
3423,7
3302,1
1999,3
2838,2
957,1
1590,9
1733,7
3807,4
3389,1
1500,6
733,3
1981,0
618,9
1530,9
1223,5
264,1
2427,8
3197,5
2241,3
1347,9
3537,6
638,5
1458,1
3069,2
2492,6
515,2
1135,7
2547,4
373,4
2813,6
2200,8
1034,0
3332,8
2857,4
3706,7
3703,0
2649,8
3921,4
876,1
2777,1
1236,5
586,6
3284,0
2811,1
3807,0
1621,0
3330,3
245,3
721,6
1152,6
530,0
3723,8
1963,9
3653,5
3341,6
74,5
1725,2
3080,7
2950,2
2128,6
3264,0
284,7
446,3
1730,7
1755,4
1948,9
3651,4
3989,1
800,4
1972,9
1931,4
3944,3
2478,4
3288,8
699,7
1383,6
2735,2
3049,8
3876,0
2856,3
2010,9
2261,2
3267,5
463,2
3824,5
2773,8
222,2
908,5
128,9
1487,2
2828,9
1305,8
2629,5
1620,7
3212,7
831,2
2405,0
2561,4
3306,3
1872,0
114,1
2336,0
1056,7
3629,6
1419,5
2342,1
3664,4
159,0
3930,6
3157,7
77,7
3167,7
277,3
1242,8
2194,8
2321,4
1631,4
1165,6
71,1
3234,2
743,4
3510,8
33,7
1584,9
805,4
740,5
1056,8
1985,2
610,4
2454,5
3921,5
680,5
3983,8
1685,6
1099,2
2533,0
139,2
566,7
21,4
1988,1
767,4
3674,2
1532,4
2939,2
1732,2
2735,3
1439,2
3663,9
3353,8
3311,1
774,6
3566,9
528,5
542,8
2212,7
1619,4
512,0
3182,3
2619,2
2759,1
1618,0
2076,6
2198,3
2589,1
1879,4
2611,3
2222,9
979,9
173,0
1926,6
1223,3
566,8
544,3
1944,2
691,1
2012,5
1893,2
694,5
2444,6
10,9
3038,5
3609,2
3068,0
2030,3
3291,7
1126,2
630,0
1219,7
3318,2
2096,4
156,7
3570,3
1524,5
1491,2
922,5
2158,3
425,7
1785,9
1735,0
1205,9
1906,3
2007,0
1577,0
276,2
1403,1
3695,1
3152,5
2146,4
664,5
525,4
2103,4
2497,2
1582,5
3308,3
840,7
3138,8
1226,7
3888,3
2167,5
2272,9
710,5
3019,2
3845,9
1218,4
41,2
3611,0
2492,3
2332,1
1862,1
1032,8
1335,2
1996,0
570,5
777,7
537,0
2047,6
336,2
3038,5
2899,7
2412,5
2335,2
1717,3
1857,8
342,5
1800,1
39,6
3596,9
556,6
2907,3
1370,1
2087,3
3050,1
1489,8
639,1
2708,9
119,8
2033,9
1267,2
3230,9
2439,7
45,6
3328,4
1566,2
1592,5
1317,9
1819,9
1945,4
1495,5
257,3
1702,1
3230,7
1339,5
2808,1
3374,5
2602,5
679,1
2893,9
587,8
2918,1
2026,1
3759,3
965,0
3270,6
2976,9
375,4
491,3
2154,7
1840,7
2444,8
604,7
766,8
654,3
1984,8
961,7
3356,3
3545,9
3378,2
335,1
3718,5
1084,2
3692,3
1031,4
2895,5
1999,9
2372,7
983,4
2546,2
3029,3
1373,0
1048,2
1079,6
445,1
1126,0
1681,8
979,9
323,3
2935,7
3729,2
2438,7
1262,8
2905,0
2454,8
189,5
3538,0
765,5
138,0
784,5
558,6
3138,6
675,6
2467,8
429,4
18,1
1985,2
2727,0
2151,9
1699,2
2417,2
1048,5
991,6
440,4
206,6
3199,8
1093,0
2431,6
445,9
2863,8
1747,7
659,9
3887,2
1738,2
721,5
2361,4
1729,3
3899,6
1267,7
2629,7
2684,5
3547,2
2488,8
1365,7
2807,0
110,2
460,7
3762,1
211,9
3942,1
1636,5
1076,2
3932,1
1085,2
2087,3
2141,3
2925,2
2781,9
97,5
3483,1
266,5
186,1
2287,2
3113,5
3653,8
1076,1
633,1
1676,2
3260,4
2679,0
1937,8
2968,7
2039,3
2653,7
1271,6
1674,8
1549,5
1257,3
790,5
1838,5
3902,0
3371,8
2215,2
409,2
632,5
2017,8
3915,7
909,1
3988,5
178,0
1970,4
1242,7
536,7
3059,7
601,1
3482,7
3797,0
1092,8
1029,4
1330,6
1960,9
3698,4
2956,0
2485,4
3259,1
1333,0
1227,6
835,4
867,6
3825,3
654,3
3236,1
2402,4
2999,1
3725,9
3216,7
772,8
3587,8
2764,4
2792,6
260,0
894,0
3608,7
3516,8
1799,5
3515,5
2959,8
1637,2
2237,5
3580,4
3094,4
1418,3
1125,1
3276,0
3651,2
3806,6
1319,5
133,4
3059,9
2462,8
346,9
2889,3
2131,6
2869,2
2974,5
2890,9
3161,0
2169,8
3458,0
389,2
233,5
686,2
1757,3
2817,8
2291,5
2496,4
2678,5
1202,1
786,4
2763,9
510,3
1946,5
2860,7
885,6
1202,9
3045,6
2199,8
1937,1
2045,3
3979,7
3856,2
3324,7
3954,5
2671,7
3684,0
3265,7
1428,9
1028,4
1129,5
2326,9
944,6
3397,4
3076,8
2942,2
2110,5
1914,1
2146,9
2760,8
486,4
1848,8
353,3
1196,6
536,0
447,7
2279,9
1363,3
1489,5
3324,2
1927,4
2734,6
1339,0
2183,3
1090,5
3036,0
3274,1
2245,8
162,9
1799,2
1026,3
2245,1
2622,7
2053,4
334,9
740,1
1659,3
2457,2
2569,8
74,6
3687,1
3729,0
1079,7
1869,4
3549,7
2888,5
3850,8
491,6
614,2
2564,8
1664,6
2515,3
1013,9
3671,6
2561,8
3675,0
1545,2
1600,8
2276,7
296,7
2796,6
232,3
3113,2
3756,3
248,9
3175,3
1118,1
1857,0
271,5
1279,7
1532,8
2801,4
3808,8
2750,3
1001,2
528,1
2950,6
2943,9
373,3
3870,4
3819,5
583,6
1792,7
936,4
2783,5
3370,3
2385,1
1765,0
3460,4
166,9
542,3
3899,8
1668,1
2244,3
648,2
2394,9
1462,1
1596,3
3934,4
414,9
3743,7
2608,4
248,6
2447,3
3789,6
2478,8
3643,4
3938,6
2908,6
2544,1
409,5
3223,1
3155,6
3901,6
784,2
219,7
646,4
72,9
3401,3
2918,5
3156,9
1966,4
504,6
508,5
3240,5
1595,5
513,1
910,8
1178,4
836,3
3503,1
1081,0
3597,7
3723,3
348,3
515,8
2992,1
256,9
782,3
131,4
3999,9
796,7
3574,1
3575,2
1345,4
614,0
3474,9
686,7
2698,4
401,5
2282,0
2142,4
569,4
3386,1
52,7
1197,9
3129,7
3660,7
2898,2
2602,9
2082,6
1566,9
464,7
754,4
2199,3
3057,4
3849,7
2894,3
3463,4
277,4
578,1
754,9
110,6
2883,9
1708,3
3102,7
884,1
2434,6
4,3
1503,9
3114,1
1060,8
1619,0
1900,7
1554,0
1192,8
1616,6
1419,2
3031,7
3736,2
2684,5
1452,3
1551,1
3307,0
1539,4
2411,2
2302,0
2658,9
3615,0
2320,2
1331,0
2349,8
2807,8
3536,9
2282,1
3140,2
3962,2
2060,8
3723,5
1456,7
3974,6
1455,7
456,3
2211,6
2086,6
3506,9
2049,4
3769,8
781,9
3481,0
2561,5
2431,2
830,9
3061,0
1344,6
3499,6
3366,3
642,8
3809,5
958,3
3198,1
3145,6
1108,4
1895,1
2092,0
893,6
403,8
289,8
3105,6
1856,8
2663,4
2930,1
1530,8
3710,3
1666,3
556,4
3041,4
3886,5
3140,1
1581,4
1515,7
373,1
3416,0
3809,5
218,7
3877,8
534,0
1661,3
666,0
2424,2
3169,0
772,1
1926,7
3640,0
3689,3
1028,7
2978,3
3321,8
2281,4
664,3
1825,7
3515,8
1351,0
2181,1
734,9
3819,3
536,1
3487,2
389,1
3585,1
1532,2
548,4
3402,0
1633,3
1212,3
477,5
1038,3
731,6
113,9
930,9
2079,5
3885,5
1055,7
2997,1
3350,9
927,6
819,0
1636,4
857,4
2468,7
1803,8
2218,7
889,6
1213,2
2125,1
3692,4
2035,1
183,0
1548,8
3710,4
722,2
1066,7
1544,4
669,0
2409,6
2714,4
2413,6
3733,2
1403,3
377,5
2225,1
3898,4
3092,3
1,8
2680,3
2449,2
335,1
2971,0
2930,2
1831,8
3505,9
829,4
2010,6
2518,6
2986,8
2438,1
3863,6
325,7
3961,4
1122,5
1724,9
615,1
1479,9
106,1
3882,9
793,3
1353,3
3459,9
1098,7
2950,6
3040,0
2877,5
1558,1
165,2
2042,5
1363,3
3951,1
792,3
2129,7
431,1
1766,7
1036,7
3081,6
2053,7
1558,7
285,4
1652,6
2133,6
134,7
2258,3
2960,7
1036,0
9,0
443,0
485,6
3169,6
864,9
2456,4
970,3
2554,0
500,7
659,2
63,3
1447,6
255,6
3555,6
721,7
3716,4
2850,3
1609,8
3899,1
2042,6
2222,6
3829,8
1826,0
2172,6
2718,1
1856,4
2039,6
555,2
121,9
3888,9
2327,2
3476,0
3731,7
282,7
3180,0
2799,3
1962,9
1274,1
843,2
3841,0
3467,3
3771,8
2198,8
1689,5
1773,4
1971,0
1465,7
1652,0
1747,5
1797,3
1359,8
923,7
812,1
1631,5
668,8
3297,4
148,0
1180,9
1682,0
3112,8
3090,6
162,8
1743,6
3611,4
3065,9
3139,8
156,1
692,1
266,1
2014,3
173,1
1237,2
463,1
1277,6
2789,1
49,4
256,1
2934,3
3762,2
2915,2
159,8
172,2
1675,3
2579,8
1662,2
3021,7
3383,0
693,8
1654,6
596,3
3271,2
2060,7
3759,4
3175,0
1272,5
225,4
1341,8
2871,4
3316,2
623,4
2942,6
293,2
3312,7
3353,0
1567,5
90,7
3566,5
2896,2
3159,6
3884,5
251,3
2864,0
457,9
2398,0
2864,2
3361,0
2820,6
190,1
1362,5
1240,2
1124,5
2054,0
3572,3
342,3
625,5
2174,5
594,5
486,6
733,4
1718,8
21,4
1057,8
3848,1
111,4
692,4
108,4
2781,0
1969,0
1871,1
2678,8
3860,4
3572,4
2421,4
3708,2
1391,0
2522,0
1021,9
775,2
3648,0
945,3
1614,9
970,4
832,3
3891,5
505,8
1447,3
3639,7
488,4
3004,8
3945,2
3801,9
2304,4
3711,4
3306,8
3685,8
2619,0
1433,6
109,9
1415,1
1060,1
3434,1
226,0
2581,1
3440,5
1375,7
1575,1
1331,4
3745,0
2931,7
707,0
2192,0
2247,9
1067,0
2763,3
200,1
59,0
3608,1
319,7
1603,0
2596,8
951,2
1772,7
1491,3
2869,2
3442,5
297,4
2008,1
3051,7
3966,6
509,4
1469,2
3889,7
3132,3
1525,2
698,7
3006,9
1371,5
3440,6
3794,9
3347,3
1458,3
3126,4
1813,9
3903,7
2729,0
1882,8
2269,5
1662,8
2799,7
445,0
2163,3
596,9
963,1
1517,4
361,2
500,5
653,0
576,7
1055,9
1789,7
644,0
2683,7
257,1
1369,2
1160,2
3407,1
1669,7
2174,1
1511,1
665,3
2383,3
528,4
3386,1
2687,1
3791,7
2107,6
1991,5
1208,5
159,0
1883,4
383,5
3,8
3656,6
2198,3
3487,4
1580,9
3356,1
2974,6
1937,3
1837,7
379,0
3602,8
3435,7
553,8
1009,1
1724,6
3628,5
3088,6
3636,6
2002,1
2052,7
224,6
3848,5
3799,9
1579,5
3360,8
253,6
665,7
2630,9
773,9
1678,8
3059,2
744,3
15,1
962,6
267,5
589,1
1515,3
268,6
2611,7
734,1
1393,4
684,5
105,1
3922,8
1189,9
3342,8
1401,0
1033,6
1400,7
2056,6
1624,7
2866,7
709,6
3327,2
1129,2
2052,0
3031,9
1248,3
538,1
1574,1
1920,4
1481,3
3910,4
2953,3
1122,2
416,7
3282,2
2411,1
488,3
3576,6
3186,2
2868,1
171,0
3826,7
3300,1
1306,3
816,3
184,5
625,1
1951,5
3558,4
3073,1
2097,9
2672,4
1866,5
337,8
1798,7
2438,1
2437,8
2136,1
1534,4
295,9
2218,8
2609,4
1235,5
3396,9
1115,2
899,5
2573,8
2554,9
2052,1
2306,4
2556,0
1010,5
3484,7
972,1
1569,1
3171,8
1737,5
3918,1
3076,8
878,3
3931,6
1374,6
3325,0
2111,9
3053,2
3713,7
3470,1
753,4
2698,2
197,1
3844,4
488,5
3011,0
2182,8
3292,6
1143,0
1404,6
747,0
2618,1
3161,9
607,3
3400,0
2193,6
2522,3
260,3
1979,8
3681,0
2253,6
3410,4
241,7
1746,7
3157,9
2198,4
3105,0
1595,3
671,0
3247,2
1741,8
1728,7
1860,0
1317,2
3559,6
3277,4
1162,0
331,1
775,4
2879,7
578,7
2243,4
376,2
3514,2
1066,7
472,9
2186,6
721,2
3306,8
579,3
2783,3
483,7
1368,2
905,6
769,0
3546,2
1749,7
3961,6
1256,1
813,2
1456,3
1808,3
23,4
1469,3
545,9
183,8
1501,9
793,4
1709,7
1058,4
278,8
2716,4
7,8
1809,8
3049,1
1740,2
3179,9
3280,8
842,2
380,0
2722,3
601,3
472,7
2280,1
3715,8
1679,3
2430,3
2237,3
302,7
3202,4
2900,5
1265,8
721,5
1712,3
2076,8
1509,0
1670,3
3264,3
2920,1
3432,9
1905,6
455,6
2961,8
373,7
580,8
357,0
3487,4
2162,1
1564,8
1351,9
2694,1
3793,1
676,0
1637,8
2981,6
3153,0
2415,0
803,6
1607,5
731,9
2240,0
3986,3
2564,9
2855,6
2340,7
1550,3
2271,5
279,5
2484,7
3680,3
327,4
922,8
1141,0
1403,0
249,2
2568,3
602,3
65,3
954,3
2954,1
3903,5
1853,0
1919,2
433,2
526,1
1384,5
167,0
635,5
3900,1
967,9
765,8
788,3
3210,7
297,9
3321,8
2641,1
1031,3
1835,4
2590,8
3061,2
2154,2
3702,8
1852,3
302,7
3962,1
3934,3
1645,9
3638,3
1993,3
1187,8
634,5
2517,9
1490,8
3569,2
1077,0
156,9
2945,8
386,8
734,4
2345,6
521,9
2009,5
1216,8
551,9
3405,8
966,6
2931,2
525,0
1434,5
1159,2
2939,0
1053,7
1161,9
3683,1
773,8
1765,2
1760,9
2159,7
3343,2
1535,4
1520,0
1900,9
3326,4
3026,1
2006,8
2436,3
3111,3
1969,2
2524,4
1106,7
234,2
281,9
248,1
3386,5
3728,0
1782,3
937,5
3979,4
1234,7
28,2
3039,8
2498,1
1299,7
3536,4
1905,1
1895,9
1219,1
2654,9
1543,7
880,1
3613,3
2595,6
1872,4
2459,5
1447,4
2883,2
2283,6
470,1
2583,5
497,4
3937,0
3322,2
138,5
2828,7
1895,8
3401,3
844,9
3390,8
1534,9
629,7
3990,8
1822,7
948,3
1211,0
809,0
1709,0
1634,1
1922,2
470,9
1627,7
238,6
1439,9
343,7
1,7
585,3
273,2
3797,7
262,7
465,2
1607,4
2435,3
444,6
1006,1
728,4
767,0
2754,7
1430,1
1512,3
1334,1
3138,7
75,1
2439,1
3038,4
2195,8
186,4
275,4
3451,5
854,4
1980,4
2035,6
2653,7
26,1
86,7
3868,7
1343,4
1626,4
2043,2
1135,8
2792,3
28,2
1383,8
631,6
459,3
1202,6
3940,5
2636,4
2825,5
2907,9
3207,5
789,6
2508,8
3169,0
3985,3
704,5
139,1
1050,9
3089,1
3050,1
362,6
169,9
958,6
2587,2
1049,1
1276,8
2015,4
3817,6
499,8
654,1
1318,5
1682,8
3231,2
2661,3
3950,1
709,9
369,4
1010,8
1795,8
1976,3
3399,8
822,1
1656,1
1457,6
2830,9
2778,4
912,3
1407,0
2365,7
2676,3
1144,1
1279,7
2294,4
167,3
201,0
1850,3
3786,6
1953,6
265,5
3012,7
84,9
2652,9
3561,5
2941,3
2299,9
256,5
998,5
2162,0
723,0
958,3
1546,9
58,3
3195,6
884,4
1898,8
1051,3
1918,7
2574,9
3048,4
1381,6
3475,7
3745,4
3760,3
788,7
3615,6
815,6
957,2
176,5
144,0
2248,1
531,4
2638,0
290,5
3878,1
3077,6
2318,4
796,0
1294,3
2671,8
2621,9
466,6
52,4
3482,6
2579,2
2531,1
1557,7
2365,6
565,1
2234,6
1084,9
1272,7
2610,3
3311,0
3008,0
889,3
2087,8
3844,6
3395,9
1625,8
3836,2
2251,5
1970,8
1054,2
423,4
2621,4
362,7
249,2
1606,5
2370,8
1103,5
1032,0
1640,3
1390,9
148,3
1811,2
1315,5
2112,6
761,0
176,1
1533,6
2627,4
1222,8
545,4
1925,8
3631,2
2674,1
1171,2
3769,9
582,4
1569,0
2687,9
415,3
3386,0
2079,7
1994,2
14,5
2500,9
2825,3
2151,3
677,8
588,7
931,3
1298,5
3921,6
2438,0
256,4
2357,8
3498,8
2257,4
959,9
997,8
180,6
792,4
746,6
3747,3
3775,5
1043,1
1495,5
93,6
809,1
581,7
2922,2
3309,4
185,3
3678,8
1615,3
2359,4
3909,5
1432,4
2370,6
1933,9
2091,5
3868,5
105,4
1229,9
2713,0
2940,8
1462,8
2559,2
135,6
440,2
72,7
2714,0
3577,8
1115,2
1801,5
2302,9
2528,9
3005,2
3375,8
1528,1
1336,7
3745,8
349,1
740,5
266,7
407,8
1538,3
3076,9
522,9
3609,1
950,1
1132,6
2487,7
239,0
3106,3
1272,3
1952,9
302,4
2007,8
242,8
2459,7
979,5
2100,1
2991,1
2414,0
522,1
2147,4
3857,9
2632,1
3659,2
2138,1
196,8
3558,8
3289,1
1436,1
611,8
1393,8
932,5
2423,3
3155,1
349,4
2534,3
133,0
1668,5
2890,5
3656,4
2030,8
725,1
421,9
2620,2
515,6
846,6
2246,3
578,6
1890,3
2950,5
3761,9
2630,0
1463,9
1373,7
918,3
2462,1
919,8
737,4
2835,4
2350,0
3077,8
171,6
688,7
70,0
3695,1
1985,0
3040,6
1633,1
1871,7
308,2
3940,5
2149,3
589,1
802,0
2057,4
72,1
3993,6
2195,9
1191,4
327,8
212,8
1789,7
3843,2
1903,9
3974,6
962,1
140,1
1558,3
3239,3
3407,5
2143,1
448,8
3321,4
1052,6
421,1
413,4
1929,5
113,7
3089,9
3176,9
1268,5
510,7
197,6
136,0
414,1
3264,2
1644,5
3216,4
763,5
2496,0
608,4
160,5
2216,0
3093,1
963,9
1188,8
1360,0
3584,6
3592,6
402,3
2538,7
1773,1
1609,4
3183,8
2135,7
1270,2
944,0
9,1
1319,8
161,5
145,7
1820,8
275,0
2272,9
3532,2
2415,5
450,1
558,5
3118,0
2997,1
2599,4
2806,2
655,9
1166,9
3135,3
2830,8
2579,0
2950,8
3381,8
3350,8
1258,9
3604,4
3103,3
1628,9
210,8
2074,6
3265,2
3225,7
2995,9
2985,6
1671,9
1907,5
1472,8
604,3
461,1
282,3
506,1
2170,1
1561,9
749,1
3726,8
1207,4
3357,7
1333,5
180,4
49,3
3352,2
583,7
3761,4
2805,8
3412,6
1989,4
2740,8
922,8
3304,7
2075,8
538,5
3490,3
3445,3
3396,9
460,2
1855,7
3946,7
2276,9
1949,4
1417,7
546,7
78,3
2991,2
203,6
3459,7
2750,2
941,7
1557,4
511,4
3133,3
3345,7
1897,3
2869,0
322,0
3966,8
1681,8
750,1
1613,9
484,5
197,3
1731,8
2604,4
1569,5
1415,9
2420,1
184,0
2076,1
1512,6
3184,4
3511,9
842,4
68,7
2865,9
3578,2
11,0
160,4
2239,2
2622,6
11,9
2609,3
683,0
1645,9
3460,1
2645,8
2068,3
861,1
2265,4
3193,8
1539,9
2413,9
91,3
2420,8
752,3
2317,7
3430,1
3753,0
157,0
2837,7
1730,9
3239,2
344,0
2538,5
1029,8
3210,2
604,8
3551,3
2509,2
3610,5
2382,1
816,4
1640,0
2537,1
2114,2
3463,3
1454,3
2614,5
949,5
2936,3
2116,4
2575,1
3539,4
39,0
3545,1
200,6
1425,2
1471,2
330,2
487,5
1938,6
986,1
160,1
3163,8
3235,2
2367,0
2542,8
350,0
1633,5
1917,2
1974,8
2968,9
752,8
3858,6
612,2
669,0
2660,2
2025,6
3407,9
44,4
666,8
1365,3
1821,2
1904,2
125,5
2681,0
2141,1
1761,9
3652,9
706,0
397,2
2754,5
2193,9
1417,2
2484,9
1795,2
817,6
2388,5
3495,3
3678,8
3137,5
979,9
582,0
3036,8
293,9
197,3
3326,9
3183,2
1328,2
3155,5
1479,7
2487,3
3681,2
114,3
1605,7
3647,5
3363,5
452,1
2632,7
1247,1
3722,8
1973,7
1838,3
538,6
3739,1
224,0
2207,7
32,7
130,5
3145,2
3918,2
1931,4
2683,8
2658,2
3357,2
228,7
1100,9
361,6
2103,6
1405,7
3975,3
295,0
1749,9
2646,7
3915,3
2768,7
3771,6
3419,8
1858,3
3847,3
1850,4
1346,7
1539,0
1913,1
783,2
975,8
3471,0
192,1
448,6
2386,3
2902,4
3264,5
2692,9
69,3
3760,4
3722,8
2938,3
3345,8
1190,6
1566,3
3342,7
744,8
73,0
2499,3
378,4
1610,8
600,2
2063,0
3777,8
2915,2
2909,5
1444,0
243,0
201,6
1390,8
14,1
206,4
2816,2
975,7
2952,3
1945,5
1752,0
3404,1
3287,9
3849,0
2828,7
3937,0
2091,6
1118,6
802,8
3123,1
3107,0
1829,5
1296,5
246,3
744,5
214,5
83,3
2120,1
47,6
1461,1
984,7
3891,5
2969,7
179,4
2037,6
3949,0
148,4
2700,1
430,3
1145,2
1753,6
3816,2
3411,9
3365,0
2607,3
732,8
2399,0
1163,6
69,8
2537,7
2169,3
3379,3
3897,9
2266,6
1236,7
3502,6
85,0
648,1
2385,9
474,4
1455,9
3512,1
857,2
3331,1
3303,1
2105,3
230,5
734,1
1802,6
8,3
569,1
2797,4
2996,9
334,3
2723,3
2592,5
999,3
2143,0
287,3
2545,9
2039,5
986,1
3092,3
2053,9
0,7
2670,0
2357,1
2928,0
1964,0
3761,4
1219,7
47,4
1872,3
233,7
616,0
3374,8
2637,0
2854,4
2235,4
417,1
82,9
2723,1
2369,8
365,3
3158,4
3083,9
1736,7
511,1
1857,4
2192,0
3916,7
497,0
3074,4
1107,8
1140,4
3626,8
3096,1
2209,5
1139,3
765,8
203,7
2481,4
1674,0
839,8
498,2
618,7
3491,7
1779,3
3085,8
410,8
662,6
3288,0
10,7
3358,8
3813,6
3895,1
642,5
3102,5
3809,8
2464,5
1723,5
911,5
3557,7
3660,5
326,7
690,4
728,4
194,3
1248,5
434,3
2606,9
3637,4
243,1
2120,4
454,3
3234,8
916,0
2969,6
331,5
1460,2
3141,0
3604,2
2037,7
1249,0
690,2
3734,6
38,3
3053,2
1462,1
3976,5
2992,3
3876,8
3222,3
1182,1
1868,7
3682,4
3330,8
376,3
1890,3
237,3
2137,2
514,8
2470,7
1783,8
676,0
3606,2
1878,7
3999,2
3863,2
1975,5
832,6
175,3
150,3
1653,7
664,1
2589,7
1612,6
3598,3
1796,9
652,4
2483,1
3209,1
2643,5
1323,2
2129,1
2267,0
1887,5
435,6
2007,1
1188,7
1808,8
3850,0
1059,1
2001,3
3290,0
1060,3
2173,9
250,9
2652,8
1983,9
923,1
1475,0
3841,6
837,7
3071,5
157,3
3073,7
3212,1
2646,3
1540,4
223,0
2359,1
2489,5
3457,6
42,0
2228,5
2606,0
3047,7
3039,9
3870,8
2661,5
536,0
2051,1
2746,4
1693,8
3295,6
3243,5
476,4
3327,8
1749,9
3094,6
1954,6
2528,1
159,1
1359,9
438,7
2786,0
3564,0
1102,0
3406,7
2513,6
2073,8
534,9
2988,8
1576,3
3919,5
855,5
3936,6
427,4
2786,1
2059,6
3556,0
908,1
210,1
1499,7
1021,4
105,3
3947,7
889,9
351,9
810,2
1415,0
677,6
1064,7
1030,8
1865,1
2698,3
1889,3
3485,3
1473,5
512,0
3842,7
2621,8
3021,7
2634,9
205,9
3295,4
2484,0
56,6
1871,9
2985,0
363,5
3140,3
2213,2
587,7
851,4
2487,4
3923,3
3205,8
3127,1
3939,2
1229,4
1214,8
3407,2
488,2
1776,8
396,5
1282,4
3090,7
2951,4
49,1
3102,1
375,3
41,5
1689,1
128,5
1275,4
55,7
511,1
656,7
3310,7
609,3
2055,4
580,4
554,8
1408,1
2852,8
250,1
664,2
2779,9
3826,4
384,1
2186,2
3429,8
1978,6
1039,9
1697,5
2011,0
211,6
1481,1
1382,2
2536,6
1437,0
2049,6
1683,4
3907,4
3590,7
753,1
2057,9
973,1
1704,8
3555,5
3129,7
3574,3
1799,4
11,3
957,8
631,5
469,8
2281,3
830,7
2071,6
879,8
2121,5
2574,4
1960,8
927,0
5,9
2158,0
233,0
3675,4
2688,7
3271,2
2404,5
2530,8
1994,0
1811,2
1263,5
3812,1
3873,6
499,8
1773,3
2809,0
684,9
408,5
109,5
455,7
224,9
3389,5
680,4
126,9
734,3
169,5
1124,1
2429,3
657,0
431,0
3446,2
2733,9
1618,5
1808,9
2361,0
3139,4
2437,3
1141,1
3930,5
3521,8
2075,2
1752,3
2478,4
2227,6
848,4
3738,3
120,1
307,5
396,3
2892,5
871,9
3720,8
3333,4
1737,1
275,4
3361,5
1786,5
3480,8
1957,7
3389,9
1623,7
1165,5
590,5
2756,9
2805,7
2502,6
3629,7
2572,2
953,0
3920,2
3179,8
3287,7
1970,2
1346,5
608,0
2322,2
2653,3
1758,9
2062,5
3063,1
195,2
1013,4
3971,1
1065,5
600,9
3042,4
1754,9
3324,4
1692,6
2412,3
3128,2
588,6
1340,6
103,8
1553,7
899,0
879,4
3410,2
3651,3
22,0
2075,5
3991,4
759,4
2023,3
3280,7
1584,3
325,0
3971,6
650,8
927,9
1263,4
2626,9
1201,6
1747,8
67,6
2188,3
3674,2
2728,4
3067,3
2320,2
1093,2
2533,2
1119,8
941,3
2975,3
958,5
3039,4
523,6
768,9
2386,4
3964,4
993,1
2957,5
2284,9
3198,2
3375,8
3989,2
3075,4
381,6
2659,8
1813,8
764,9
1306,1
3095,0
917,1
2757,3
2501,1
2095,0
2283,3
2299,9
2551,5
2269,6
2550,5
259,0
792,6
510,6
1314,0
754,0
3672,5
2300,7
3784,4
3366,2
183,1
301,2
973,0
3181,3
1407,8
3536,1
160,3
2043,8
2215,2
3029,0
735,5
2870,1
3088,4
3252,2
465,8
557,0
1930,3
3411,2
1610,5
1178,2
2158,6
3170,0
1932,5
389,1
1859,5
2208,8
291,4
2434,3
1692,5
54,7
3623,9
3440,2
310,3
1913,7
2044,8
3610,3
380,0
618,7
1010,0
632,9
1348,8
3032,7
2695,1
3533,0
1425,2
3962,7
1346,2
3273,2
466,8
3447,5
3385,5
1638,7
992,2
481,9
1034,6
108,3
418,9
2867,5
1923,4
1327,7
2954,6
3224,7
60,4
3310,4
3959,2
646,8
1241,2
3957,1
3026,9
349,4
907,2
1530,6
2452,9
75,2
751,7
353,5
2749,4
3241,9
3915,7
185,6
764,6
829,7
3254,7
3103,8
3468,3
3736,3
2030,0
2680,4
947,4
1399,3
2146,8
377,1
2467,8
2404,1
3560,6
65,5
666,2
2004,0
2790,4
1916,4
3876,6
840,4
299,0
3648,2
1814,6
111,7
2645,4
81,8
339,6
3489,6
1675,5
191,8
3401,2
99,4
481,6
3844,2
1459,8
2087,8
409,6
2057,4
3543,3
1867,4
3743,7
1376,9
1318,6
2264,8
3435,4
873,4
1281,5
34,7
993,1
336,7
305,3
3052,6
18,2
1675,9
2572,7
547,4
3737,6
1086,7
1396,0
1185,2
513,9
3033,6
569,2
3882,3
2716,0
1751,6
149,7
1072,4
1579,2
3038,5
685,8
3952,0
2651,0
36,8
2517,1
1396,5
3844,1
358,6
3338,9
2705,2
3307,0
2449,2
3608,1
1097,5
2047,0
1755,1
1780,9
105,8
3773,3
2888,7
3968,2
2730,8
398,2
2376,0
844,1
721,2
453,9
630,0
2641,5
2609,9
100,6
1272,4
3703,4
2950,1
1654,5
2148,5
3918,5
474,0
2869,5
1687,3
2454,8
2369,4
803,7
2334,1
2394,4
703,7
2451,1
3343,5
110,0
2655,0
1343,4
3855,1
951,7
1372,4
3217,0
1964,1
417,2
2010,3
573,2
3137,1
2121,5
235,5
3843,9
1559,1
1075,8
3308,4
3152,0
1889,6
530,2
2088,7
668,2
2717,3
1861,5
1458,2
939,4
2456,1
3958,6
3213,8
3981,8
585,0
316,0
3686,4
3424,2
1970,5
696,0
2742,2
2476,3
228,0
2330,5
2755,7
3108,4
2778,6
1691,1
3870,5
2601,6
1851,3
1666,6
3556,5
3464,9
123,7
673,3
3679,9
89,3
3384,3
3479,4
1860,1
2785,6
1663,1
2446,6
3124,3
2703,5
167,0
3836,1
3838,2
1376,1
1138,0
3332,5
1625,7
2525,6
3377,7
309,0
3885,9
2937,9
3743,1
2536,5
3817,1
1014,9
1411,6
1187,2
140,7
992,3
721,5
122,3
2302,7
526,2
8,1
1771,1
1238,6
1798,1
3955,7
3616,9
1012,2
3831,8
1001,5
2191,1
1062,7
2175,1
3343,4
443,7
2886,4
869,4
1843,4
2162,5
407,5
3326,5
3537,8
3759,2
461,9
874,7
2193,2
3736,3
1125,9
54,7
548,4
735,0
935,3
825,6
2060,4
2658,7
3945,2
281,7
1875,3
1613,0
3373,6
966,0
2545,8
53,8
767,2
1948,1
3721,7
925,5
3770,9
3395,7
138,0
3315,3
483,2
3153,2
1584,9
2545,7
106,2
3588,6
3458,3
1791,4
1422,3
2282,7
1780,4
750,2
3864,1
379,9
2629,3
604,1
1181,1
2460,0
3424,2
3733,7
2782,4
2556,9
1405,0
1709,7
1673,1
2904,6
255,6
361,7
2680,2
2841,1
2390,0
342,3
3119,0
2450,0
924,7
1998,2
672,3
1413,6
3161,1
3449,9
1097,7
3998,2
2977,9
2023,4
2066,1
2036,1
1651,6
761,1
2065,9
2637,0
3450,3
2583,6
2504,0
2968,5
2574,5
2297,2
420,6
1171,4
82,0
416,3
862,4
3557,6
1878,8
2204,2
476,9
3331,1
2676,5
70,1
3695,4
525,7
565,4
421,6
3828,7
3600,3
2315,7
2796,5
3829,8
1956,0
3446,7
3896,9
1031,7
1037,5
3649,8
1460,3
3115,4
2652,4
2660,1
2871,2
2960,0
2956,9
1954,9
2370,5
3949,6
3816,0
2731,9
3941,8
329,1
1058,2
3417,3
3097,8
3094,0
1180,7
2389,9
1573,0
912,4
641,0
3121,0
1691,5
128,9
2218,0
1485,1
858,2
1661,4
3195,0
3636,5
1740,3
3111,7
2438,4
1887,5
3336,7
2700,4
3621,2
239,1
2191,0
2725,4
738,3
2228,3
2512,5
1304,0
3280,9
267,8
1030,6
3638,6
785,2
3130,8
2615,4
28,7
3056,7
3572,9
181,8
20,3
2983,1
89,9
415,1
691,0
2105,7
1109,5
2719,5
3067,8
310,5
2398,6
3979,5
2361,6
2908,6
1688,3
390,1
1286,9
2290,1
499,0
958,0
711,4
1261,6
265,8
206,8
15,4
1133,7
1507,0
3644,6
2009,0
863,8
2996,8
890,3
1713,8
1563,6
3962,5
2950,4
939,1
69,7
3682,5
1004,1
2248,9
1102,6
2882,6
705,9
1814,2
3410,9
1438,8
168,6
2415,3
3897,3
2054,1
1007,3
407,0
1880,8
3605,9
1809,9
992,6
2864,4
786,5
1907,2
1767,8
1996,8
3568,6
2057,5
1495,8
3653,1
2191,3
465,9
2371,2
544,5
1819,1
660,1
462,4
2796,6
2251,7
2570,2
549,1
870,5
1473,2
2805,6
3745,6
759,6
558,7
2467,7
2472,4
403,0
3021,2
1710,5
1258,8
3770,5
2149,1
3966,5
2598,8
1240,0
3849,4
1540,4
3109,4
2567,1
2714,7
574,9
572,5
2601,3
2370,9
2295,8
973,0
689,5
3192,2
710,1
3204,0
1882,3
929,3
269,8
2524,3
1996,2
3755,7
761,1
3993,0
476,8
1938,8
1095,4
2349,3
3722,3
2397,8
3835,2
182,4
1763,0
3551,4
2345,6
2844,0
3231,3
2617,6
814,9
3510,5
930,5
3797,0
437,1
356,0
1533,3
3082,2
181,4
500,7
1420,6
2557,1
303,8
383,9
2647,6
540,5
467,1
2283,9
595,8
2627,2
2298,3
1417,4
1281,7
1177,6
75,1
2582,2
3116,7
3698,0
1560,0
2140,5
2189,3
2605,7
800,3
2000,7
3369,2
181,4
1997,2
1108,4
2159,9
2913,9
886,7
309,2
380,8
726,8
2876,8
3339,2
2297,8
194,9
1775,3
734,4
410,1
513,6
40,6
3997,3
1087,3
827,3
1166,2
2247,0
468,0
770,8
2195,1
3589,4
1907,7
3765,1
3766,4
780,3
607,5
3521,1
737,2
573,4
3784,2
3293,5
2346,2
2886,0
204,7
2956,6
2036,5
257,0
2450,6
2845,1
1261,7
3122,5
2415,0
2637,4
3120,6
779,5
163,8
1761,0
3971,6
1705,7
603,9
3790,3
1336,1
630,9
2159,1
2035,4
3630,8
3432,9
483,0
3131,9
2798,7
479,1
3240,4
1214,3
2001,4
3336,2
250,4
2847,0
3447,5
2686,3
994,9
1005,0
2351,6
838,5
3027,1
2116,6
3027,4
529,3
687,0
3244,5
971,4
636,4
2689,4
471,4
2760,0
3088,2
1410,0
2501,6
2857,9
1156,8
2455,9
3009,2
2711,9
2937,6
1743,5
515,2
2602,2
1147,2
263,5
3150,4
1156,8
2725,3
2664,2
338,1
2387,7
1659,4
3974,7
2761,5
2098,0
1167,3
2145,7
3227,9
2726,6
3871,2
2277,3
1373,4
3555,3
403,5
204,9
1868,2
2598,2
2306,5
57,6
468,8
1851,6
908,9
892,0
2189,8
1590,2
959,2
3603,5
3002,2
1596,4
2388,8
3813,9
587,8
26,9
1745,6
1671,8
3226,4
1514,2
231,5
3482,3
1744,2
3252,4
1555,1
2537,1
1439,5
2728,1
1631,1
237,5
1223,6
2854,8
1312,4
2282,0
3508,6
2745,6
3736,2
1905,3
2844,7
1717,5
1491,5
478,1
1155,9
2815,5
3308,9
2713,4
1881,7
612,8
3336,9
2616,4
2552,5
3614,5
407,7
185,0
745,0
1876,5
2520,3
3019,5
2462,7
1368,6
1747,1
2052,4
504,7
10,5
3295,9
2665,6
1440,7
306,1
2684,6
1612,9
239,8
1191,7
2617,4
3015,1
745,4
3245,9
3501,6
484,6
3035,7
336,2
127,9
2455,4
1859,3
3116,2
1696,6
2432,0
2727,5
2311,3
1677,5
2123,7
154,1
2483,4
1809,6
2578,2
29,4
1295,7
3455,3
2200,5
2265,5
3525,2
1562,0
1229,5
1448,8
2764,0
591,3
2191,1
2987,7
1701,7
599,7
1861,2
2643,9
2239,4
2359,4
3684,9
1723,8
2357,1
3554,1
13,2
2410,7
1421,5
3860,1
2635,8
307,1
3929,2
3255,2
3895,4
2038,5
632,5
607,4
2421,5
63,2
84,3
3632,8
1590,3
229,3
2339,4
2517,1
1366,6
3786,8
3080,7
3849,1
734,6
1983,1
49,4
1424,9
1953,0
3263,4
3289,0
1980,2
801,4
3825,4
3686,8
3979,8
1257,8
2633,2
3946,7
3909,9
2930,8
1317,8
483,6
3489,0
321,2
2066,7
2205,2
2239,8
677,7
1190,1
1741,5
3885,8
2748,1
1126,0
2198,0
3652,1
1068,0
1952,8
806,7
2634,2
524,8
2288,9
3480,8
431,4
2587,2
3389,5
433,4
1331,0
6,7
923,3
389,9
1981,0
228,5
104,2
2001,3
3683,9
667,3
2353,1
1569,0
2342,3
91,4
557,5
3338,7
1333,0
2464,8
2911,0
719,8
488,5
754,7
3830,8
701,3
612,7
3046,0
1454,5
1649,3
2907,1
2781,3
1134,2
143,1
363,3
2818,9
1354,0
267,0
2525,7
2253,7
2720,2
1186,3
390,5
1221,8
3390,2
704,8
2055,4
3512,5
2936,8
185,1
1582,4
3491,9
2356,0
2226,9
1524,3
1295,0
3744,3
1080,5
3135,5
15,9
2264,4
133,2
96,7
1637,6
3780,0
3680,5
373,1
476,0
22,7
1436,3
2982,9
781,6
1869,2
2422,5
1193,2
2749,0
22,4
217,0
3104,3
539,0
1320,2
956,1
504,9
1189,3
2598,4
3616,9
9,4
3810,5
1440,2
1365,2
2363,7
2310,3
912,7
116,8
1534,2
1332,5
1822,5
1988,8
271,4
3381,2
3102,4
1367,1
1943,5
2276,6
1871,4
940,0
2829,3
2244,4
3484,2
3405,3
2834,8
1157,9
317,7
401,8
3122,3
2533,3
3157,7
2937,6
1576,7
1036,2
3347,8
1364,9
1304,5
1197,3
2900,2
1469,6
372,4
3657,1
1213,9
698,0
1657,0
621,0
1155,4
3453,8
850,1
2513,9
3429,0
2661,6
114,3
2777,2
3855,2
3644,3
3740,2
2198,9
1687,6
3960,8
3005,4
2885,9
1633,0
3388,4
2702,4
2092,6
444,8
1271,3
3349,2
1090,3
3653,3
1378,7
2915,3
3717,5
1985,6
2755,3
2677,2
1828,8
1125,4
1166,4
757,3
3957,5
2864,7
2049,2
1016,6
2270,6
366,7
230,8
2400,4
878,4
501,2
3923,1
1177,9
451,5
777,1
3019,6
3326,4
1252,0
3162,8
2428,3
1811,8
3717,7
1442,1
2177,8
3083,4
73,2
2090,4
255,6
161,0
2553,7
804,2
362,0
641,2
3152,3
1648,4
256,0
1119,8
1329,9
3098,4
2538,9
1308,8
2029,7
1752,7
3424,3
742,5
127,8
494,8
3492,8
3158,7
2098,8
3244,4
260,5
2546,5
1496,8
2924,1
1818,8
1643,1
2130,3
791,5
3214,0
254,1
1965,7
671,3
49,1
790,0
1025,9
869,6
1281,4
3622,8
1875,3
3282,7
1097,7
2577,4
2866,5
2816,9
3520,4
1955,4
3355,7
2000,2
2856,5
599,3
2903,1
819,0
2575,4
2098,4
153,7
3139,5
2639,5
1284,7
2915,9
3273,4
1423,5
3788,1
3616,8
984,2
2082,8
3411,9
3658,6
3694,7
741,9
1646,6
3747,2
3768,2
2051,5
3166,1
990,1
3916,7
115,0
3921,0
3029,6
431,0
3542,3
1665,9
786,7
1935,3
1564,7
626,6
105,4
743,2
3358,1
2774,6
3066,2
1568,5
899,3
2443,5
2674,4
2221,7
702,8
2329,3
3977,3
748,9
172,0
855,1
2403,6
2250,4
3928,3
421,2
849,0
1661,4
1496,2
2896,0
1358,1
3306,0
368,2
3988,8
485,4
1951,6
2572,2
371,6
616,8
2008,9
1544,9
801,0
3608,5
1628,3
970,3
3514,8
1154,9
2942,6
997,4
2984,2
2527,2
2431,5
2421,9
3136,2
913,3
2345,6
103,3
68,9
810,7
1043,0
3569,6
1984,7
934,9
226,3
2228,4
815,8
3118,9
2148,1
255,7
3029,2
3797,1
2357,8
3149,3
133,3
2717,0
3484,2
2116,6
2682,7
530,9
1325,2
3510,7
3200,0
1003,5
3367,9
258,4
2154,9
1966,9
2517,6
1106,5
988,0
1322,5
2670,3
2620,0
1441,3
2269,7
2711,7
707,9
1779,9
2958,5
3422,6
3957,5
2840,8
914,1
63,9
3277,8
2689,1
649,8
321,8
432,4
11,3
2048,5
3928,3
562,5
416,8
718,2
3491,4
1297,4
3029,8
1401,3
845,8
1078,2
140,8
3985,2
2766,6
2554,1
370,0
3954,3
361,0
700,5
896,0
3589,2
2285,4
1101,8
3195,6
381,1
1782,8
3111,5
2006,2
3579,3
171,1
3631,5
3181,7
876,3
1696,5
2393,6
1225,8
2600,2
3124,3
3075,8
961,4
1908,3
562,5
2550,1
2869,3
479,0
2706,0
426,0
3028,5
966,1
695,3
1025,3
565,4
3282,8
3632,4
1033,7
639,5
695,8
1786,4
988,0
3,5
3764,7
3450,1
577,0
2719,1
1336,6
1189,2
3627,3
2299,3
3961,8
3738,0
439,8
3534,0
2557,6
1284,6
3665,8
2904,8
1939,4
3483,9
3373,3
518,3
665,8
2850,1
112,3
1267,6
3158,4
3209,6
2407,3
3332,8
735,6
3498,4
396,7
2986,2
2612,1
3725,8
3750,0
3842,2
2594,0
2118,6
3271,5
1462,6
961,2
884,7
2159,9
2715,8
2805,9
3939,3
2182,1
2354,0
815,7
169,1
451,7
1098,6
2795,9
42,8
10,4
635,1
3953,3
2678,3
1799,1
1514,7
534,1
1191,4
2134,7
105,5
1147,4
1414,9
3709,7
1846,3
2667,5
1509,7
2415,4
921,9
447,1
804,7
3849,5
1321,6
1723,0
142,2
246,5
2950,5
2705,7
3291,3
332,1
3870,0
1179,4
175,8
3150,6
1450,4
3555,7
2551,5
171,0
112,3
2204,5
1521,3
924,5
129,7
1544,5
546,8
2472,1
3642,2
2259,9
3072,8
3297,2
2501,4
3348,8
3048,3
3045,0
88,7
3537,9
358,8
1152,5
2034,1
3289,6
691,2
1000,7
1091,2
330,7
2000,2
2814,1
579,8
2699,4
3726,2
1329,1
2135,8
1777,8
3527,9
2332,7
2514,5
60,2
2308,0
3364,9
2064,1
2617,2
1367,9
541,8
2874,0
2208,3
321,1
2597,9
2599,5
1781,1
3435,6
1510,7
1336,0
1705,9
591,4
662,5
633,3
2840,7
3118,9
1432,5
36,9
1738,3
1945,5
1466,8
3743,4
2133,4
1099,8
1079,3
27,9
2103,7
266,7
2868,9
22,2
446,2
2572,9
3621,9
632,7
1954,8
2478,3
3271,7
55,1
680,5
3837,0
614,0
2965,0
1631,2
367,9
2839,1
1215,6
452,5
3817,6
1821,4
1454,2
3712,9
2873,5
1158,2
3944,2
1767,6
2043,0
268,8
1822,6
697,2
1302,7
1078,2
1581,2
3298,0
2013,3
3927,3
1214,9
668,6
689,9
684,6
40,4
2537,7
411,0
3841,8
3884,7
1436,8
1013,8
203,8
2710,4
2992,5
929,6
2412,0
2081,3
205,6
3022,9
3060,4
2897,3
1096,0
247,9
316,6
2201,5
1249,2
3750,0
1708,5
1652,2
805,4
1867,1
2164,0
1678,2
2508,3
40,6
3604,2
3290,5
3578,9
391,3
2487,7
2971,7
1568,2
2367,4
273,7
1374,0
2970,7
2741,2
487,0
317,4
1488,6
2519,5
1285,8
379,8
2616,4
2753,7
327,3
3084,2
784,4
3258,4
1619,8
1069,4
1286,1
1462,5
1724,1
998,8
1554,3
2004,3
415,8
3853,9
2873,3
1087,1
1927,3
419,5
2858,0
1422,1
2954,2
1079,5
3747,0
2854,9
1708,0
1409,0
3914,3
2645,9
2489,4
3782,3
1974,1
215,7
2253,5
2009,1
1478,4
1396,1
1294,1
2742,7
3142,3
2973,4
846,9
3462,1
2736,4
2900,9
3116,1
3232,1
2343,2
2499,3
690,4
2340,0
59,4
2786,7
1302,6
1312,7
3530,1
20,9
2428,1
2990,8
987,1
296,3
16,3
1650,4
1667,4
3674,1
1198,6
126,6
2819,3
1810,0
3292,1
2735,4
1925,8
1730,2
620,2
48,8
3364,0
2666,2
3324,0
3476,4
3363,9
3477,2
152,4
3230,6
467,1
3451,7
3221,3
1179,4
1680,6
2143,7
2774,0
3076,2
1827,0
3216,4
1289,9
3838,9
1343,3
2250,3
1577,0
3740,8
2982,5
1301,9
1628,3
730,1
1571,2
3139,9
52,1
3042,9
367,1
3156,0
1807,6
1321,2
3087,5
947,5
3609,0
3664,7
2066,4
24,0
231,3
166,9
1173,1
2438,7
1564,3
3298,4
3937,0
300,9
2886,2
3659,1
266,0
519,4
3263,8
2003,2
2992,8
1820,7
3631,7
21,2
96,9
3296,5
1766,0
3421,7
2289,8
306,0
2949,8
350,9
1353,6
3294,3
436,0
2139,2
2456,7
730,2
1771,2
3681,7
2905,3
42,3
1996,6
1673,3
438,6
1598,4
997,2
505,9
1316,8
368,7
3440,9
1218,2
257,7
2633,8
1012,1
289,6
1435,3
3611,4
2468,3
2240,3
3594,9
2438,2
1981,3
3765,0
1618,2
214,7
1930,8
767,6
2852,8
2945,1
3362,4
1678,2
3548,9
2475,8
583,9
3066,0
66,9
1700,1
198,7
1384,3
3756,8
838,2
443,1
2538,9
3032,3
922,6
3405,8
1598,3
373,9
178,8
1548,9
1709,3
1593,9
3790,3
56,3
3148,1
2953,6
3322,4
699,9
3740,5
3319,8
2892,2
908,9
2027,3
3997,5
3337,5
524,1
1490,3
3941,5
2654,1
3147,3
3223,2
2467,2
3817,6
994,2
267,0
1495,9
2256,1
1752,7
3628,5
77,9
2406,4
1247,5
2882,5
3679,5
3147,2
1174,5
3235,1
816,2
2315,8
39,2
1937,5
2608,2
1948,4
2696,0
1753,6
3229,5
2147,2
3869,5
2580,3
2334,5
1358,5
3954,5
263,0
1481,5
1112,1
2659,1
3557,8
1436,5
1514,5
150,0
2442,0
101,6
1623,8
2653,7
3968,4
700,3
1981,7
951,1
2844,7
1509,3
809,7
2093,1
319,1
785,8
3570,1
1400,3
3192,1
3836,0
506,7
280,9
350,0
3599,7
1554,1
1276,3
664,7
3677,3
1845,7
159,8
1944,2
1960,7
1034,8
3846,7
185,8
3611,0
772,5
1541,3
2023,9
1583,9
2148,4
154,9
1173,5
1257,8
500,0
623,5
1766,2
3064,6
1131,5
538,0
2599,5
1562,1
1934,7
574,2
433,2
470,7
139,4
457,8
970,6
3552,2
2590,6
3829,8
1347,1
2394,3
462,5
170,7
2457,5
1392,7
1647,4
2232,2
3254,8
2874,5
2047,4
3168,6
3343,7
3131,5
1003,0
1770,6
2470,0
3046,3
3626,7
1550,2
3079,5
3766,2
1567,5
3182,5
77,0
3603,6
2393,2
920,3
3804,0
1522,5
468,4
2854,4
71,5
2612,8
599,0
1600,1
170,4
612,5
3190,1
502,1
718,5
2267,2
303,4
1225,5
554,6
1053,4
783,5
65,4
1310,5
1947,3
3661,8
3190,2
888,1
657,1
620,7
1385,0
914,5
968,9
1211,7
3242,2
1712,6
3315,9
3286,1
3571,2
3268,1
404,3
3396,8
233,1
619,1
1590,8
729,0
1439,6
623,2
306,3
852,4
3476,4
3621,7
3629,8
1920,5
1651,2
2479,8
598,1
1461,4
2128,6
3898,1
363,1
2998,3
2384,3
1727,4
1683,8
3570,7
2847,3
1315,1
1347,7
934,2
1465,2
473,7
411,0
3351,5
548,9
3485,1
1959,2
1210,1
51,3
793,2
3457,6
14,8
1155,1
1282,6
1548,9
3646,1
287,9
1625,0
217,2
1634,1
2653,5
3596,0
1091,5
3453,0
3456,6
3381,0
21,1
3902,6
1079,9
3160,2
2113,0
450,7
1339,1
839,2
3656,0
3182,3
2643,0
832,0
1271,6
1655,5
2961,5
3435,6
3494,2
3260,9
3412,5
351,7
2649,0
808,3
2886,8
2940,5
2402,1
1939,8
669,4
3088,7
3739,1
3584,1
3036,8
3124,8
3565,3
1951,2
1361,4
2637,4
1262,3
490,9
1911,0
3438,8
317,7
2154,6
2228,9
1107,4
3462,8
2545,3
2874,3
838,5
2882,4
2911,3
2248,7
796,9
854,4
3104,0
3207,9
535,9
3601,1
1450,8
463,1
2627,2
1745,5
2913,8
3938,0
3355,3
3357,5
3380,0
271,8
3524,5
1290,3
96,2
1518,5
1422,7
3416,1
2219,4
168,6
2072,7
3315,0
1672,8
2414,9
3210,5
1397,0
3671,8
1278,7
2971,3
1,4
2916,3
3396,4
907,7
2184,7
1925,3
3477,6
2088,1
2470,4
574,7
3828,2
2091,1
2979,5
3935,4
1999,9
1978,2
2612,6
1154,8
2112,8
3558,3
1593,9
2640,3
174,1
1709,7
0,7
1211,2
588,7
375,4
1503,4
1860,0
1272,2
2074,9
2779,3
1172,2
1979,3
632,6
2597,2
3972,5
3693,7
190,1
2425,1
1784,1
751,3
197,5
704,1
510,2
2353,7
242,1
2957,1
2705,8
2029,5
536,0
642,6
1370,4
2344,3
1779,4
298,2
1260,3
2485,8
2540,7
3743,5
2949,3
2612,4
1690,3
1795,2
1490,7
1101,9
1438,2
1673,4
585,5
2552,9
2340,1
3435,8
2446,3
374,2
2918,1
883,2
1617,7
2295,6
10,8
1973,4
3405,7
3220,7
1890,0
433,7
2441,9
3156,6
2729,9
148,9
3225,6
3113,5
2762,8
1814,3
3259,9
530,7
1019,8
2971,4
3100,7
2522,1
1436,1
1396,5
3602,8
341,3
2491,9
2013,9
546,1
2279,1
1425,3
1022,5
154,6
863,3
3524,2
3692,9
2294,4
22,7
1540,0
3528,6
3037,1
2707,7
3857,4
2333,1
2434,9
328,2
2481,4
260,2
2726,1
180,8
1180,0
1377,7
3315,3
385,3
2355,8
2597,2
2016,0
965,7
1282,3
3980,9
3986,0
132,8
196,6
3007,0
1399,7
3018,8
2173,6
2226,1
2027,7
2387,0
256,0
2564,5
2421,8
1477,9
1609,8
2020,7
1833,5
1138,9
289,2
8,8
3205,3
792,8
607,9
1238,5
1366,7
1219,3
2307,2
1725,8
435,1
712,6
2203,0
1083,5
1983,4
3210,5
2400,3
2807,5
1481,2
568,2
1272,0
1606,5
877,2
1418,2
724,5
3336,4
3314,2
3561,0
49,0
2762,5
3212,6
1862,7
857,0
3907,7
634,6
3519,3
3650,3
858,7
871,5
3168,4
1483,5
1148,7
619,4
3486,2
356,9
680,5
1672,1
2716,1
3749,2
2310,7
912,8
1704,6
2676,7
713,7
1500,9
2301,3
481,9
1714,6
980,7
672,4
1323,2
2958,1
2284,0
2277,3
2779,6
3349,5
99,7
3593,9
1509,4
3692,3
3524,0
760,5
3533,7
2082,5
1639,8
2343,1
766,8
1748,5
1807,4
696,5
3411,5
3019,5
587,2
3771,4
3696,9
2043,2
3703,3
3370,0
679,4
259,2
603,9
906,7
1493,6
2162,1
841,3
239,7
3493,6
3646,7
2305,6
2166,7
1770,8
813,8
3406,1
3370,2
647,9
590,5
1256,1
3650,9
1769,5
2879,2
1522,0
3583,6
1865,9
1287,9
1019,8
1425,8
2957,6
2011,6
608,3
3345,3
2853,5
3611,6
2982,0
1511,3
1008,0
308,6
2594,3
1987,1
55,7
3262,1
3571,9
3237,2
399,8
3677,1
517,8
1527,0
2938,3
2658,3
3310,9
2000,0
3620,3
585,9
3570,3
657,8
2280,7
3386,4
3104,1
3242,7
234,0
3114,3
3253,7
3796,7
1692,3
794,7
534,9
1046,2
3932,3
3413,1
569,2
1378,6
2675,8
2740,0
603,5
2423,0
1749,7
3356,8
1704,1
1375,5
133,8
1116,4
1560,9
3761,4
2192,7
1457,8
1550,3
2350,7
1136,5
900,2
122,1
1413,7
3689,5
232,8
3063,8
3441,7
1964,3
1215,3
2059,6
1528,6
409,8
3413,2
3244,1
652,9
1175,2
3009,1
3255,3
492,5
252,1
3305,9
3896,1
2210,5
1578,7
1180,9
3848,6
1220,6
973,1
472,1
2984,7
3477,6
64,4
868,7
3433,8
516,6
1096,9
629,8
2309,2
3849,7
1589,1
1899,0
741,8
2285,0
3270,7
3091,8
411,4
2433,8
996,3
613,2
1928,9
1060,7
1028,4
1829,1
3477,7
639,4
1767,2
452,8
3164,0
3818,2
3835,5
990,7
2238,6
1703,1
1849,6
2875,2
2316,2
740,6
3080,5
721,7
3648,9
3740,7
2871,7
254,2
611,7
3029,1
3428,5
2384,8
2248,8
192,9
3961,3
2783,7
3245,3
126,8
2508,7
3152,2
2911,1
3192,0
2045,1
146,3
116,7
2308,7
1497,4
1986,9
2065,9
3844,5
3356,9
1193,2
2436,5
1896,1
2952,7
2235,9
2121,1
682,4
2193,7
536,3
2086,1
623,5
947,7
3308,4
849,8
555,9
3512,1
529,0
3144,4
3611,6
277,0
1578,8
3509,1
778,7
139,7
1095,7
3698,2
2127,3
3369,9
3590,9
1600,5
3564,8
2598,2
942,9
2768,7
943,1
2570,3
820,0
3613,2
2162,9
2628,2
1688,3
1966,0
3548,6
275,9
1799,0
1623,2
992,7
1471,5
313,0
2711,8
1211,8
3071,2
1330,9
2040,6
3160,2
1395,9
3747,5
1748,4
2030,6
3401,4
3240,7
2829,9
2142,8
1210,6
2857,5
978,9
920,9
3244,6
3740,8
3935,4
981,0
1328,7
3967,5
2203,2
3132,1
3939,7
1408,0
666,6
1663,9
47,0
3448,0
2650,5
3613,6
2473,0
713,3
3048,0
481,3
3539,1
3237,5
27,1
223,5
3001,1
1833,6
886,4
3547,5
438,1
59,7
1576,1
2020,5
3599,9
2642,5
205,0
3859,7
3828,6
13,1
2060,9
3855,5
388,8
537,9
2617,5
2506,3
296,5
2093,0
2515,9
515,0
1684,6
3183,4
3301,0
2500,6
684,1
2478,9
3143,7
2691,7
123,5
1576,7
2524,8
1059,1
2683,5
1284,4
1459,7
1587,4
178,2
23,8
1000,2
1131,5
49,0
3618,3
2723,8
1812,4
918,4
2735,8
341,7
2911,8
3657,8
2329,9
544,6
2603,5
288,6
3812,3
111,5
130,2
1789,2
606,0
2551,9
2874,9
3405,5
1830,0
2110,0
1110,4
1193,8
1188,2
1139,2
3044,3
3607,8
2763,9
3440,2
2751,8
3527,4
189,2
221,1
1484,0
1208,1
2405,3
2478,8
351,9
723,3
1084,0
290,6
342,4
1485,1
2055,8
3941,0
3130,4
1736,3
2069,5
397,6
1059,3
336,9
1572,1
2398,6
1747,5
1600,4
3738,5
1511,1
2968,8
2428,7
2894,8
3333,3
3053,7
3414,4
1983,1
509,5
2967,4
556,5
634,7
1124,2
2218,6
166,1
3670,5
2457,4
2115,7
2395,0
985,2
2408,0
2414,4
715,8
3699,0
135,6
1152,3
2788,6
159,3
2522,8
635,2
1919,5
2824,4
3088,2
783,9
34,1
3296,6
2566,0
3990,7
2014,0
3176,4
386,2
1973,7
176,2
2285,7
3223,1
1983,3
578,6
2247,2
901,2
692,0
2217,3
58,0
1975,8
2972,9
1607,7
2711,7
3910,3
3439,9
2248,0
1338,7
467,3
590,8
3783,8
3179,2
1998,9
1833,9
200,0
3232,0
180,1
665,5
1246,8
792,0
2731,8
133,9
1829,6
447,3
1798,3
736,9
2630,8
3662,2
3557,3
3687,4
3768,8
1578,4
1492,1
485,7
2139,9
706,9
3177,4
3056,8
2589,3
467,9
3368,2
44,1
440,9
2694,7
289,7
1541,8
3088,2
2351,6
2831,3
1495,0
2647,9
3470,3
1881,5
3624,0
2730,6
1519,3
1330,3
3019,1
915,1
76,9
2746,2
3101,8
3784,4
1768,6
3421,3
3177,2
2888,5
2900,6
2545,6
1829,1
67,0
2987,1
1211,1
1044,1
1521,0
1336,7
1321,5
3717,8
2936,1
2381,0
790,4
2352,9
136,8
1003,3
1483,3
2078,1
1408,2
287,7
3611,9
1152,9
873,7
801,1
3940,1
85,2
1080,1
3701,7
1843,0
2727,9
2351,1
2124,8
3774,9
2892,0
250,2
1794,4
1898,2
487,6
1811,6
992,7
1605,5
1318,1
673,2
3737,3
1483,2
420,3
2483,7
2799,4
3107,8
3207,4
2312,1
685,2
3584,4
1377,7
328,0
2764,8
2691,2
2640,2
393,6
1297,4
3990,7
896,7
1869,1
3595,9
2704,7
3302,0
1697,3
3864,3
3414,0
2725,0
2175,2
3167,2
3574,4
2923,1
74,7
1684,4
3180,3
2803,8
3606,1
1113,8
2399,3
3106,6
735,1
1498,9
3042,1
3084,4
719,7
47,4
470,0
2383,3
539,0
3932,7
709,9
596,1
3941,0
913,7
327,7
2195,3
1978,5
3020,6
894,8
654,9
3858,6
980,3
2204,0
3187,6
3765,8
2334,7
538,7
2684,6
1810,4
1355,7
928,6
2256,0
360,6
1894,4
1697,8
3746,7
3872,6
808,7
2366,8
79,0
718,4
757,8
2465,0
2819,9
1141,9
2526,6
1250,8
627,1
1347,3
543,5
324,0
321,8
1263,8
2401,7
3158,5
3453,3
288,4
2487,7
596,0
2400,0
3015,0
1315,2
3109,6
753,6
1249,0
1424,0
2877,9
1219,4
3224,4
3127,0
315,0
3347,3
2050,1
3613,1
106,6
1708,3
3967,8
2801,9
1698,4
1733,0
3676,4
1489,1
70,8
159,1
404,5
2084,3
2949,7
3914,8
1036,0
3487,0
2011,9
671,6
3220,7
1634,7
1744,5
2309,6
3083,1
2489,2
3222,2
1742,1
602,8
3934,3
173,6
185,1
3734,6
3956,9
864,2
560,3
992,9
1420,9
3815,5
3338,0
455,0
3137,0
421,1
2984,1
2146,2
766,6
1705,0
3609,4
2552,6
2133,0
3055,2
3832,7
1883,7
3335,4
2015,7
3787,7
1158,1
1409,4
2827,2
709,7
2213,8
3771,5
339,1
3746,8
1355,6
858,5
2050,3
751,2
3483,3
749,6
2288,6
3810,7
3554,5
3313,5
2976,6
1692,8
505,3
3566,0
706,0
268,6
2694,1
538,2
2384,8
1069,4
538,6
596,2
3187,6
900,4
3922,9
584,0
637,8
2822,9
1112,8
335,9
206,1
1262,6
2113,1
1774,8
2897,5
1577,1
14,7
2004,0
31,4
204,0
462,8
991,7
1721,3
3866,2
1113,1
3990,8
79,4
1697,4
2772,1
1966,5
3038,3
3484,5
3569,3
1671,6
3211,0
2512,5
1902,7
2797,2
2444,3
2705,3
2740,7
2938,7
2174,4
1885,8
1591,7
1009,6
3021,2
3645,0
314,9
1251,8
3730,7
1193,7
3819,6
300,8
1326,1
2403,9
1217,6
2388,2
1106,8
3321,8
2179,6
2064,8
3672,5
1030,0
2050,8
3969,6
2121,9
3567,0
3547,2
754,7
3191,7
3368,9
1688,1
508,7
98,8
846,1
527,9
2787,9
118,7
1485,9
3263,3
472,4
2761,1
2297,7
3576,1
215,8
2240,8
887,7
3986,8
265,0
681,6
1716,3
3922,6
97,2
2559,3
3274,6
1131,6
513,5
331,2
1696,0
153,9
469,6
2207,2
1897,2
2630,8
2356,3
2684,1
2530,1
2503,9
2180,0
1035,0
2006,3
1053,6
1268,1
2118,1
188,6
1142,5
3330,2
1134,4
214,6
1132,4
3509,7
2548,5
1073,9
163,7
2945,8
3123,0
1705,2
2349,1
713,9
178,9
613,6
3400,4
1110,5
900,9
533,1
156,2
2179,2
2250,1
3705,8
1951,2
1875,1
238,2
3739,9
3795,5
87,6
2407,8
2386,2
2469,1
1387,7
3226,6
3199,5
3822,7
855,4
373,0
1969,8
2676,5
1872,5
3636,9
1124,6
3624,5
2359,4
542,9
3643,8
1351,3
2231,7
3366,0
2668,4
3707,7
521,9
269,9
755,8
3993,3
945,7
1341,0
3291,3
1986,2
2528,1
3853,8
1562,4
965,2
978,9
418,5
275,8
1305,5
656,1
1898,7
3828,8
2854,5
526,5
1985,4
1016,0
2491,2
1323,4
2222,2
37,8
1687,0
2998,6
3781,2
1005,5
2338,5
2309,0
292,9
143,7
3827,6
2846,7
2040,8
3957,0
202,9
1040,4
3832,7
2005,1
3349,0
1849,6
1927,9
722,6
3214,8
1952,4
20,0
3994,9
472,7
634,5
2747,7
2184,7
103,6
167,3
3171,6
1121,3
472,0
2196,6
3936,5
2937,5
2259,5
857,0
3025,2
3790,5
270,5
2650,7
1185,2
3882,6
171,7
1991,6
2567,0
3619,0
1494,3
3358,1
3656,6
3740,0
2794,2
327,2
19,8
1123,7
2924,5
3381,9
3042,0
114,3
3532,9
3529,1
3421,9
3377,8
3849,0
3760,1
3544,0
1936,7
1292,3
2627,6
2322,5
3696,1
2058,1
580,9
2006,5
825,1
772,3
1061,4
668,6
2691,9
2888,4
482,3
359,3
3376,0
2448,5
1284,0
2790,2
1326,5
2752,8
2495,5
1909,2
375,0
1162,6
3667,1
3388,5
3667,1
1420,4
1708,7
1165,8
3858,5
878,8
2627,4
2120,6
3476,7
774,3
2173,6
3352,4
1700,5
2198,5
1386,2
3893,3
3127,6
3403,6
581,8
1634,3
1295,6
3422,1
2712,4
78,4
2492,5
3349,9
1623,4
2006,2
919,8
65,1
3522,5
3871,2
1703,4
3327,9
742,4
3742,4
3711,0
2841,7
91,0
2738,5
3132,9
3620,3
3653,8
2918,5
3497,8
3329,9
2645,4
3315,7
1213,9
3295,4
1863,2
3002,2
3545,8
117,1
1347,4
779,3
2732,8
3723,0
30,3
2371,8
82,9
3856,7
2585,5
1287,7
1583,6
2403,6
2879,9
1068,1
3350,6
1388,6
2793,7
1649,9
3046,6
2946,5
3324,3
3554,2
1897,6
1893,6
2439,5
3925,3
1621,5
899,7
455,2
2830,2
558,3
1013,5
1541,3
2173,1
1472,5
33,2
596,8
1660,5
583,9
376,6
3030,4
1204,2
3785,8
1559,7
55,6
87,0
1016,3
808,3
430,7
3174,3
3987,9
1952,2
1409,7
490,6
1892,6
2465,0
1984,8
3868,0
3873,5
1240,2
102,5
640,7
3149,6
510,3
2333,0
387,8
2518,2
56,5
3353,4
2147,5
3991,5
2009,2
1882,3
3270,4
3638,8
92,2
3053,6
127,5
2565,4
77,5
3082,8
14,1
2338,0
224,9
981,8
575,0
2393,0
3542,0
2111,1
1832,6
639,5
3421,0
1860,7
2030,9
983,1
623,2
3308,1
3935,2
2831,7
3952,5
2413,5
3254,0
258,0
2290,0
549,4
1052,5
2389,2
3219,1
2274,7
3364,3
3004,2
251,0
2141,2
1260,9
565,1
1728,2
728,6
2273,2
1161,0
2468,5
805,6
729,5
208,2
3700,3
3009,4
1753,6
108,3
2217,5
1970,4
2479,9
2219,1
1961,9
1039,9
3254,2
487,0
3908,3
3287,8
2967,3
3368,7
1465,5
2806,9
357,9
3422,9
2769,5
454,3
2846,4
586,9
2049,3
3722,6
3663,2
340,7
971,1
2898,0
3247,6
2484,5
411,7
2140,3
2944,8
2955,9
76,0
207,0
3763,7
873,0
3010,0
3648,7
35,5
2632,3
399,4
271,1
1047,8
3821,5
3281,1
2281,8
2819,1
2827,9
2224,7
1414,5
1861,4
1634,7
387,5
1418,7
3978,1
2458,0
1162,6
1606,5
2761,4
3754,5
2579,1
2230,1
357,0
3574,1
3063,1
2754,4
685,7
2602,2
2876,1
3968,8
1405,1
259,0
147,7
526,1
1244,8
2309,3
3961,2
250,8
3774,3
3075,3
56,3
3869,7
3009,9
860,9
1861,8
1657,7
2066,9
890,3
2,9
1760,4
264,9
3924,5
540,8
2639,3
358,7
395,5
428,9
2733,8
1755,7
366,9
183,2
1646,6
1251,3
88,9
2991,4
1460,2
3589,5
847,6
2418,0
651,5
2933,4
3174,2
1321,0
746,3
3378,3
1497,1
905,8
2359,4
391,5
3701,5
3603,5
578,6
3596,5
3280,6
85,4
2342,6
1700,3
2699,7
2569,3
877,8
638,3
1973,7
3475,7
715,7
3382,1
457,5
549,1
3329,6
499,6
2765,2
3484,3
1498,8
3625,0
3443,0
226,5
590,6
2135,2
3929,4
1101,5
132,3
1032,0
2731,2
1693,5
3658,6
2516,1
1726,4
2783,0
701,7
2750,7
2453,2
3502,7
3845,1
310,2
3615,0
143,4
3287,3
1686,3
2548,3
3891,7
3540,5
6,3
3773,5
2071,2
2727,5
2490,5
3659,1
1829,7
1097,9
1905,6
924,7
3185,1
127,6
3991,4
2044,8
383,4
216,3
1634,2
320,0
890,0
690,1
3030,1
171,1
93,2
2836,8
3202,5
1867,9
1964,8
626,2
2434,4
2234,7
1401,1
3886,0
830,1
736,9
2242,9
3124,7
392,5
1677,4
1103,2
2811,0
1856,8
98,0
1975,0
3721,6
2578,7
3015,8
634,1
3086,8
404,8
2964,0
3046,6
901,6
906,1
2283,4
3124,0
505,9
1827,4
154,8
1098,8
380,8
1052,3
3931,7
153,5
1775,5
2234,6
2133,0
446,1
2623,4
2739,2
3739,4
2339,8
3428,3
3844,5
1450,8
1437,5
834,4
793,9
3406,3
3790,1
1482,8
970,3
1947,3
738,1
2616,8
3131,6
374,2
692,7
1589,7
3545,8
2283,2
3785,8
1812,0
3810,0
2743,0
1297,0
1463,2
636,0
3294,8
2443,2
3241,2
858,6
2931,3
512,2
259,6
3804,5
1365,7
1156,3
3306,8
718,8
2126,4
1114,8
237,7
3558,2
405,5
304,6
2889,4
72,5
2571,2
3581,6
3975,4
1636,9
1984,4
3720,7
571,6
2133,8
621,9
2370,1
357,0
1601,9
697,1
1448,0
914,9
926,6
3030,3
3909,8
2233,0
2825,6
611,1
1100,6
1824,4
47,8
938,1
416,2
2103,1
6,8
3394,8
2766,7
1465,9
1715,8
460,8
1423,4
2865,8
1763,7
3063,4
2376,9
2385,8
1524,8
670,8
1292,2
250,4
1548,9
2439,0
759,5
3193,9
2271,8
1892,5
3507,9
2662,6
1611,7
2804,3
853,8
229,9
3165,5
2753,8
958,4
2375,1
843,3
3585,4
3228,6
2472,3
730,3
3703,8
3465,3
1681,6
2904,3
177,4
1449,6
2901,7
2176,6
3306,9
3598,5
1782,8
1275,0
999,8
822,7
479,6
3068,9
220,4
361,8
3241,6
482,6
3943,0
3614,6
441,5
535,4
562,1
3317,5
3038,6
373,7
499,7
1180,4
118,6
1566,9
3117,2
108,3
392,7
3489,8
3438,7
3947,7
2152,2
826,2
400,8
2442,8
1977,7
1200,9
475,3
3398,0
324,1
1878,4
2176,0
3913,5
3748,1
141,0
1181,2
1736,2
3068,4
1471,8
2046,7
1988,7
1692,6
1123,5
2040,3
1260,6
1762,1
894,5
365,9
600,1
885,1
2494,2
269,3
493,5
2250,3
1663,8
1138,6
893,8
3010,0
2121,2
1345,7
1702,1
1896,4
1645,9
1230,7
3985,4
2645,0
1677,6
982,7
2419,7
2029,8
1971,5
196,5
1549,8
2785,1
3703,6
495,9
2189,4
3149,1
3932,7
1497,0
2572,8
3130,4
2353,5
2479,6
400,1
3227,2
2962,9
3854,0
3338,2
370,8
454,2
2938,9
3800,4
3978,4
929,2
3238,8
2786,7
477,7
1026,8
1266,6
2014,0
1933,1
116,9
1158,5
1262,5
3917,8
3567,4
537,3
3839,0
2103,4
2582,9
943,5
3274,5
1781,5
2040,9
3028,4
2292,7
731,6
145,6
3269,9
80,4
1001,0
1001,1
2502,2
3834,2
2507,7
2674,1
2442,2
1371,7
2171,8
43,8
2032,6
2954,3
700,5
2370,3
3458,9
1704,1
2303,1
2092,7
2454,5
2465,9
3136,6
2061,6
752,1
1104,2
807,3
3988,6
956,3
1945,5
489,8
1949,9
182,3
270,5
1158,1
944,9
3364,4
2637,4
267,5
1439,7
1464,5
1950,3
2576,8
2666,7
2129,0
2359,2
2170,5
348,6
2009,8
602,4
2776,7
269,2
1382,0
1172,2
1607,2
2272,9
2587,1
2078,5
2096,6
3173,2
1991,1
3518,9
2150,8
566,7
2850,8
2213,1
3019,1
1084,4
2773,7
3120,4
3658,4
3401,9
1777,9
2345,0
316,7
1213,3
3093,5
3429,8
1030,9
3747,0
1803,3
70,2
2551,5
2707,8
3145,7
216,5
2957,9
1201,4
2034,7
3062,0
3151,2
2026,4
1172,3
2788,4
978,3
3036,6
73,5
3061,6
2070,3
1068,6
3289,0
1348,8
1768,6
656,4
2773,5
3229,8
3007,5
1157,6
539,0
1748,8
1121,4
183,3
1751,6
1066,6
3230,5
1630,9
2878,6
1933,6
82,7
2750,2
755,3
1302,0
325,0
3524,6
2692,9
3147,9
620,9
3246,4
2571,2
1117,8
488,9
1698,5
2160,6
1769,2
228,9
1843,8
1155,4
3194,3
2809,2
2817,8
2469,4
515,4
1899,1
3352,4
3614,6
2471,5
2027,9
1646,3
102,4
114,2
3957,8
136,1
31,4
3967,0
3122,7
1331,6
3126,2
3603,0
342,0
3469,8
3912,6
2302,9
3296,0
924,8
249,3
2911,7
2591,2
3827,7
317,2
3679,4
265,0
2899,5
2033,9
83,2
900,4
869,7
2304,7
1244,5
3775,2
515,7
257,8
328,2
1176,9
494,1
3061,8
305,6
1430,2
3959,7
2668,1
1083,2
3022,1
3129,5
2815,8
3384,5
3904,2
2011,9
3733,5
1222,4
24,3
16,8
961,1
2509,7
1072,1
2489,9
2464,0
3652,3
3115,3
2431,7
3581,7
2731,2
1690,9
2076,8
3630,8
3599,2
3481,9
2578,9
3127,3
3180,2
3216,4
304,6
1892,2
2596,5
3156,9
497,6
1617,6
2283,5
102,3
2910,3
3012,7
3997,5
81,1
970,5
3247,0
1124,9
3310,4
1524,1
3377,1
3573,7
2849,3
3654,7
820,2
1426,1
1371,6
2554,4
1359,0
1799,4
1465,2
1522,4
3427,1
2607,1
2369,2
2877,1
223,5
3534,1
1162,7
2999,5
1502,0
535,7
2995,8
2887,4
262,5
2149,5
1928,8
1632,7
649,4
1348,5
3138,1
1091,8
3078,8
3047,0
3558,6
3002,9
1318,8
2674,9
3268,3
3325,1
1730,4
1648,1
2103,6
3311,8
1242,4
219,0
3625,1
3807,1
2237,9
441,3
2766,2
905,2
2341,3
827,0
3910,6
3892,6
1882,6
1278,1
350,0
1332,9
2253,7
620,7
1102,1
1895,2
3645,0
2426,2
3546,5
2555,9
3219,9
3434,2
978,9
1380,4
2183,5
3017,6
1524,8
3080,5
3771,6
2800,5
872,5
373,0
3357,0
3940,0
385,7
872,1
552,0
3160,4
3489,0
1958,3
2049,3
3528,9
2515,4
1476,9
3068,7
765,9
432,7
1025,5
1846,8
142,7
3804,1
1544,0
283,4
2588,6
3720,7
1329,2
1472,6
2163,1
2704,1
2815,8
296,4
2445,6
2845,5
1473,8
928,8
2576,5
1283,3
1171,3
3237,7
2989,5
1986,4
2269,1
1627,4
962,3
3974,3
2160,9
1718,9
3991,0
904,9
2414,0
2835,0
547,7
1869,1
2818,1
2653,7
1094,6
1093,1
2626,3
1035,9
2189,0
235,7
2418,2
1247,2
1940,2
2665,7
3617,2
3142,3
509,1
339,6
459,3
1117,6
1084,3
1577,0
856,2
1096,3
2029,1
3896,4
1562,1
442,6
3354,6
3448,7
3153,3
1842,8
3608,5
1965,2
840,2
859,8
1064,9
1544,7
3415,1
3625,7
3353,6
1861,6
3874,9
1441,3
2915,6
1836,3
2934,7
1039,1
3979,7
51,9
2544,3
2991,8
3363,4
3288,6
2136,3
551,7
1257,2
1065,7
1472,8
329,8
293,5
2142,5
3944,5
3252,7
910,8
2396,3
2460,1
274,8
228,1
2674,8
3922,5
2682,4
757,0
2941,1
1550,7
1773,5
1850,4
710,6
704,3
3579,8
1145,6
65,4
1314,4
348,1
3363,0
3757,9
445,6
3705,7
3093,9
2649,0
1603,7
387,1
1402,1
1915,0
1108,9
3065,8
3653,0
2617,9
2140,3
197,6
3160,6
931,2
753,2
1725,2
2658,6
1684,1
2967,2
1828,2
1915,9
2326,9
1822,0
3337,1
552,0
3645,7
3041,0
2757,4
2236,8
777,8
2663,8
3422,5
2835,1
967,5
515,2
2472,4
3350,8
3311,5
3349,7
1665,3
188,3
2469,2
1961,3
2771,8
1126,3
2682,9
2133,8
660,5
160,8
2218,2
1726,8
3271,6
356,7
1501,8
2033,6
3738,0
824,0
2441,1
3148,3
167,4
3053,8
3756,7
3125,3
182,3
161,8
1652,5
383,4
824,2
732,6
794,8
3755,7
3819,7
948,2
640,6
1923,5
987,9
2699,6
376,5
1438,1
1309,5
1518,7
2751,0
2112,9
3379,7
2038,2
1275,5
3001,7
589,6
2505,8
2947,5
676,5
2917,6
2200,4
950,7
712,3
544,6
3136,2
1024,5
537,4
2066,5
2987,8
2139,4
3029,6
376,4
3822,5
202,0
105,5
2526,7
2378,2
3613,6
2892,6
2040,6
1837,6
178,0
960,8
1355,7
1745,9
2000,9
470,9
3620,0
218,6
44,1
745,0
1725,9
1979,1
2534,2
992,4
2525,1
3439,2
1483,9
3919,4
3671,7
3938,8
1043,0
2260,2
872,8
2471,7
610,2
2972,8
379,8
737,6
1609,6
3870,2
3143,1
1373,9
3940,3
1788,9
3245,9
1109,3
1179,1
104,7
3869,8
3276,3
2532,6
3931,8
2160,0
310,0
765,0
1149,2
685,4
368,0
2581,8
321,6
263,1
1026,5
3586,2
616,5
923,4
1250,1
937,9
1372,9
692,5
1041,4
3195,0
597,5
2056,2
3998,7
2165,1
3734,6
3483,3
1377,9
3934,9
2414,7
1529,6
1535,4
3754,4
3353,6
2942,0
2731,7
1051,8
1214,9
1040,7
1601,5
3485,1
3921,9
2081,6
3306,2
1927,6
3953,1
528,5
893,7
639,8
1769,2
2759,7
3866,6
821,9
913,3
2300,3
431,8
1828,4
1547,2
3346,8
3414,0
2999,9
3529,5
1176,1
3539,7
3744,3
2820,2
2407,7
1624,3
1184,3
2372,2
2149,1
2434,7
3748,0
3581,7
2982,8
1756,3
1380,3
974,0
72,5
3449,1
2020,9
3010,5
725,9
2172,1
1621,5
3345,1
3779,7
2546,8
1523,3
830,2
2037,4
2772,3
262,0
728,4
3001,1
1447,9
2148,4
220,4
1738,9
830,5
2571,0
655,1
1261,5
85,8
1769,9
3942,8
1206,9
662,0
3639,7
0,0
323,2
886,4
1303,0
328,1
3582,1
3606,0
1275,4
2966,6
2781,7
2597,6
1760,1
1101,0
834,3
3546,1
461,1
2141,3
2813,0
2268,6
1462,4
2592,7
3272,5
733,3
701,3
1247,5
1704,3
1080,6
1102,0
332,4
145,9
3001,4
1248,8
2503,8
129,5
1555,5
1561,6
3803,4
2241,3
361,7
617,7
1536,8
3977,5
456,7
364,0
730,8
2938,1
522,2
714,2
1046,8
804,8
2162,4
568,9
594,8
2497,7
2868,3
2518,0
947,6
3958,1
1100,3
913,0
3694,9
3735,4
1828,9
3905,2
35,1
1025,1
1426,2
714,7
3899,2
2463,5
3317,0
2397,6
3663,1
2888,4
2845,3
1846,0
2466,3
1629,2
2562,5
3294,9
1572,2
2318,1
137,1
3496,5
496,1
212,6
1924,7
278,7
172,2
886,2
209,9
755,0
590,3
135,2
2585,5
152,7
1299,1
1860,3
3313,5
138,9
231,5
3160,2
666,0
3448,6
803,0
186,1
2402,2
31,2
680,4
107,2
3682,0
3784,1
231,3
2010,3
1120,1
1127,4
2490,5
3139,9
2669,8
156,3
2954,9
202,7
2087,5
3796,6
1194,7
2050,1
3862,4
3686,9
152,4
170,0
3184,3
984,0
2497,5
2092,1
3287,0
3450,0
3099,8
158,2
1848,7
3432,9
2890,1
2883,4
2284,9
3690,7
2686,3
458,3
3353,6
725,4
3314,5
844,8
3023,3
1641,9
3245,3
1231,6
2029,1
819,1
1602,3
872,6
2332,2
3819,1
530,7
3570,9
625,6
3093,8
2311,2
1402,6
141,2
1538,8
2008,7
2709,7
1823,1
1870,1
3466,2
1926,6
2846,9
898,5
683,3
2620,1
2993,5
401,9
3158,3
815,7
1290,0
3677,3
1076,8
1992,9
3716,6
2993,0
3224,0
2072,6
587,7
1479,5
2752,2
62,9
3602,1
2689,1
1369,1
2851,7
1340,2
1393,8
3674,7
127,4
1814,8
3092,2
389,2
2516,9
3001,1
145,1
3883,4
3536,6
3819,2
957,6
3527,1
622,9
1853,8
2520,0
864,5
1043,7
3212,2
1870,7
618,1
275,1
3298,4
1977,8
292,2
2028,2
3700,9
1308,8
2521,9
2119,5
612,7
615,7
3552,3
316,0
926,8
3224,9
1566,8
3085,3
1533,5
3318,8
33,6
168,1
1989,9
1271,7
3845,3
2215,7
3785,6
2809,8
177,6
2866,0
197,8
3850,6
1497,8
1721,5
1058,5
3010,3
1468,8
1469,7
887,9
3173,5
1765,2
198,1
3300,2
1188,0
2252,2
3564,4
3415,8
3707,7
979,2
912,8
74,1
2387,9
2028,9
322,0
513,3
3839,2
2384,8
3931,9
238,0
3105,5
2663,4
322,9
1966,7
1252,9
3653,3
266,5
2539,9
354,2
2985,0
2768,2
1978,8
3357,7
3646,2
3231,7
3133,3
3944,1
1532,0
1774,2
1153,9
1437,8
998,6
3966,2
3103,6
6,8
3147,5
959,3
3548,3
311,0
2567,3
3722,3
747,2
48,6
1121,6
1894,5
968,8
478,1
2029,3
1381,0
3101,3
472,3
1162,4
1926,5
3711,9
548,7
931,6
980,4
2223,0
1330,6
1232,7
3,5
859,3
2622,2
372,7
759,7
1789,3
144,8
2751,4
1119,4
2873,3
1181,2
1899,8
692,8
3233,0
2661,0
1505,8
2141,6
499,0
1077,7
3955,6
460,8
2647,5
3909,0
1473,7
96,7
900,7
2586,1
2934,9
1122,4
2298,2
2947,0
3114,8
2155,9
3175,4
2621,0
3008,6
2491,1
612,0
3921,1
2888,8
1761,8
1110,0
2866,8
572,6
3256,2
464,9
3586,4
3076,0
3078,6
3470,4
2220,9
2837,6
3741,5
3770,1
3593,2
3468,9
3739,7
1513,4
158,7
885,7
1420,5
701,0
2011,4
2248,0
517,2
3586,5
411,3
2120,9
3209,7
1203,6
1608,3
453,6
3462,6
3573,4
3094,8
89,9
3287,5
3896,2
1381,4
3021,0
3266,3
2715,2
2690,2
2771,9
312,8
678,0
1604,0
1388,0
2010,7
1904,6
337,8
1633,4
3249,1
2393,8
121,6
395,9
2227,2
1199,7
3352,5
846,7
1346,3
2348,5
1558,5
2423,8
878,3
115,7
2280,5
3108,3
2737,3
1528,5
3919,6
2139,7
3952,1
1144,1
2422,3
1167,5
1183,6
1659,8
2870,4
2784,2
3675,1
503,8
3347,9
3642,3
1136,2
3022,2
1726,8
2163,5
339,1
269,6
3187,6
1935,0
2182,8
1677,3
1275,2
3230,8
121,3
51,9
3690,4
667,4
3173,6
50,5
991,0
1613,4
1234,6
2822,6
201,0
2119,6
976,7
1688,2
702,7
361,1
3583,2
2431,1
2724,2
991,2
1226,0
2012,9
426,7
3776,1
3525,1
667,0
2510,7
526,4
149,1
3670,9
1111,6
2618,3
3846,8
2772,4
1434,9
191,2
2549,6
996,6
2007,1
708,7
2822,0
3428,3
2426,1
3036,3
396,6
1055,1
3261,8
3208,9
3270,7
2120,3
3459,1
1681,4
2046,6
2242,6
2205,7
1841,6
3307,3
1882,8
295,1
2601,6
2062,8
2729,4
105,3
1482,6
631,1
3285,2
2776,9
3183,3
3967,6
1518,0
3989,8
1375,7
813,4
2260,6
1419,0
3246,6
2835,1
3501,0
627,9
26,7
1584,8
3921,4
3857,6
3024,6
1742,2
2209,5
2358,3
2119,8
3587,5
3017,7
3903,6
3297,1
1586,1
868,0
1842,2
336,7
2666,2
983,6
134,6
1069,6
1379,7
3922,9
3578,5
416,3
454,1
3764,3
346,0
924,8
1764,2
549,8
2495,0
3906,2
60,0
3804,1
2606,0
252,2
2072,6
1721,6
3639,6
450,3
654,4
330,6
1077,8
598,3
769,6
2952,3
3826,8
74,7
2527,4
1177,4
2,6
119,7
355,9
1358,1
2565,3
1477,5
1075,7
3236,5
1224,4
3400,0
577,2
3174,0
643,2
2014,4
1547,7
583,8
3546,8
980,8
1181,1
42,2
2878,7
1057,6
3180,0
1691,2
2410,6
2408,2
2811,8
3765,5
3945,7
1208,6
408,6
1725,4
1261,4
2989,4
3613,0
131,4
2360,6
1359,3
2386,6
358,1
757,8
848,2
3976,2
431,5
765,7
207,9
3581,7
2227,8
2132,9
2138,7
2365,0
1747,4
1291,5
2085,6
3452,9
1821,2
3647,2
2710,7
223,0
3403,6
2166,1
636,6
115,2
3937,9
3175,7
721,4
1490,7
1393,7
3217,2
1245,3
2020,5
2424,5
960,3
3828,6
2585,8
3297,1
942,5
3189,8
1010,7
1087,6
669,1
108,6
2231,1
565,0
2944,7
2990,9
1376,0
2128,7
3377,5
3873,7
974,2
1417,4
1146,9
3636,4
1841,4
1670,0
1391,6
3969,6
3938,2
3447,0
3313,7
2705,0
2920,9
1115,4
1770,6
54,6
3414,6
3291,4
1333,4
48,7
3369,8
364,4
2613,2
586,9
76,7
3376,4
2587,4
380,5
470,2
563,9
579,2
649,1
2344,3
1904,0
853,2
1569,5
2162,6
235,1
2407,2
3006,6
1293,0
3447,6
2903,1
617,7
1952,4
1263,9
1971,9
3316,9
3549,7
159,1
19,0
1951,3
1507,0
2874,0
3804,9
2422,2
2044,0
3139,7
1053,8
15,7
2174,0
1767,4
3379,9
942,8
1997,2
3648,2
3175,6
483,9
1269,3
3026,9
1869,6
1256,3
2738,2
2927,1
3396,8
550,0
2826,6
1780,2
731,8
559,8
1999,4
2187,0
1160,1
2755,7
960,1
2121,5
2929,0
78,0
1895,8
1200,8
2790,7
1734,2
2010,4
460,1
1986,0
1967,5
3516,1
280,4
847,1
3737,6
2971,4
1049,2
3041,5
991,5
146,4
3807,9
3353,9
2919,2
2407,0
1961,3
1601,5
1575,5
620,9
352,8
2836,8
3164,7
575,0
153,4
3061,0
403,6
1772,6
53,9
2165,0
2530,0
3880,4
2050,5
528,6
2861,3
3798,8
282,1
2991,3
612,4
2692,4
2465,4
1573,3
98,6
2701,8
393,8
1875,6
1294,6
406,9
1487,9
3751,5
2843,1
883,6
2941,2
1207,3
3498,9
1122,8
1705,1
3656,2
2628,8
204,9
275,0
2859,6
3011,5
73,4
489,0
1213,8
2376,8
1659,5
2820,6
3876,4
4,9
2544,3
3049,3
3191,7
3154,8
738,1
1835,0
1525,1
3321,2
921,3
1190,4
1195,1
2157,7
2950,6
164,0
3120,5
460,2
3751,3
2362,2
3786,8
1603,0
3335,6
361,6
3240,7
168,6
29,5
416,7
168,8
3648,3
2763,9
1142,7
3089,8
3193,5
1182,5
2195,7
312,9
2511,5
211,2
902,1
2941,7
1801,0
3662,4
3982,8
2637,9
1691,3
2754,0
1843,8
3968,5
2371,4
2927,3
1324,6
2906,2
2254,5
925,3
2425,3
524,1
1843,8
1732,4
2088,0
370,0
660,4
1925,3
114,6
2901,7
770,1
3184,7
3677,0
3432,9
2744,7
3454,9
1050,8
3148,3
1918,6
2262,1
1158,1
2863,0
773,5
3690,2
2187,6
1831,7
2703,7
3801,0
2174,3
3321,5
966,0
3885,6
2657,4
2775,7
1794,1
3389,9
3072,1
411,1
549,9
1578,5
2518,8
431,8
3553,1
1508,7
3656,1
966,8
1743,1
1188,2
3046,3
322,7
471,1
3665,6
1167,1
1039,2
2349,8
3997,6
2252,7
1636,7
2544,1
3143,2
1649,5
1255,1
203,1
1209,9
3938,8
744,7
3861,9
3753,7
1162,3
34,4
2067,9
3002,4
1219,6
416,8
3668,9
3194,0
1139,6
2644,3
2546,5
2980,7
43,4
2719,4
1877,6
734,6
3305,2
3950,3
209,0
1530,1
3477,2
697,1
1061,4
3799,9
1797,4
3780,4
2044,2
574,9
3995,1
1728,6
1038,9
264,8
3460,7
1833,1
2814,3
629,1
3001,0
3975,9
1627,2
1204,5
3520,1
112,0
3042,5
2783,7
3113,6
3746,2
2168,9
1182,6
2483,3
2763,3
1298,5
1762,2
455,4
708,4
3343,6
2538,8
122,6
815,2
1722,8
3743,3
3406,1
478,9
1931,8
3673,0
687,1
2318,6
3077,7
1274,8
3960,9
1382,4
1560,5
2576,6
3341,1
634,2
3038,0
3701,5
640,0
428,9
3296,7
1105,4
303,4
1800,2
944,9
853,9
1858,5
2213,1
3630,0
3743,1
2672,7
1737,3
1317,5
91,7
1433,7
1828,2
3533,6
3421,7
2251,3
3314,4
457,3
2602,3
2879,3
219,5
745,6
1039,3
3995,7
3092,5
423,5
2918,4
2928,6
2173,9
524,5
983,2
2907,6
2691,8
1322,2
2738,8
1510,9
2142,2
705,1
3415,6
2182,8
3698,5
61,4
145,9
2653,2
2992,7
2452,7
3028,5
2103,8
3796,2
2474,6
2661,6
1391,4
2759,0
79,8
401,0
1257,1
3516,7
2237,2
3538,2
3128,9
2773,4
3805,9
1679,7
2360,9
1757,0
994,8
3578,6
1618,7
2573,8
42,1
1939,2
2237,4
3306,5
801,4
2818,0
793,9
35,1
2912,8
3166,2
884,9
662,0
2728,9
3883,6
744,7
2121,8
3306,9
85,6
3289,2
787,7
3136,4
3512,7
3545,0
2099,8
1171,9
2138,4
2341,3
1398,6
2902,4
77,2
7,1
435,8
1959,4
3312,8
2037,9
2480,2
1234,2
1101,1
1967,5
477,5
2288,6
3355,5
2082,8
3350,0
738,8
315,4
3337,5
3043,4
857,3
668,6
329,8
1401,6
1392,0
409,8
2098,7
1944,8
1038,5
3224,1
2916,8
1165,5
1606,4
3627,2
2117,2
272,6
3929,1
3153,6
1933,9
1061,2
976,7
2676,4
3901,5
2845,9
805,9
266,8
1569,7
3988,1
3641,5
2390,0
2420,6
2643,2
3709,7
3110,7
1306,3
1005,8
428,0
1717,3
3557,8
484,2
973,4
1417,0
3763,6
227,9
52,7
2932,6
1004,5
3012,0
2271,0
2996,2
358,5
2505,5
2491,8
533,0
3939,6
1893,1
3071,5
2188,8
3600,3
1554,6
653,3
156,3
2855,2
3194,4
758,4
1683,7
1227,6
2865,7
2517,0
236,9
2608,3
1207,8
1393,9
44,8
3410,5
2136,4
798,6
1383,7
3643,0
3502,3
923,8
1690,7
2432,5
1884,6
627,0
817,1
3811,2
3219,2
2077,7
1025,5
1745,3
3406,7
2910,7
45,2
194,9
280,3
2052,3
2882,2
254,8
2627,7
2315,6
2685,9
20,9
2288,9
2330,8
3586,2
3075,8
1292,8
2021,3
1221,6
2324,3
1903,5
1739,4
771,0
3355,8
2653,7
1847,9
2824,7
1627,1
2503,3
2432,6
1064,7
1794,5
3753,8
1931,1
104,1
2535,1
940,4
2183,7
981,9
2161,4
2787,8
2094,9
2633,9
2481,3
752,8
968,8
907,6
1284,5
1246,5
3049,0
3534,9
3252,9
2759,6
656,6
3087,9
2711,3
3117,1
1000,7
3161,0
2349,8
2115,0
360,6
2211,8
2851,9
3491,4
85,9
1998,6
3892,4
759,7
3966,3
1706,6
1573,4
2227,0
1277,2
3568,9
1990,7
1239,7
2106,0
3719,6
3254,3
1936,7
2825,4
3329,2
1022,8
533,6
2761,2
1405,6
467,0
2732,7
549,9
1893,0
86,2
2501,5
2005,5
1520,4
406,8
60,0
124,4
543,8
2666,3
1241,2
2762,8
97,6
3801,8
977,2
2905,7
3057,4
2005,6
2309,5
2161,6
3349,7
2745,7
1376,9
3142,1
3231,6
305,8
3771,1
759,9
110,8
208,7
1338,3
2576,4
3628,9
569,3
2030,7
2055,0
2127,5
2329,5
2355,8
3648,9
1402,7
3337,2
274,4
3850,6
1116,8
3471,2
1918,6
98,7
3054,7
60,3
3833,0
1933,4
1814,4
205,5
3502,7
3712,9
712,6
2924,1
1399,5
2971,9
3202,4
1134,5
854,9
3079,4
3662,6
1908,3
382,6
2653,0
322,4
109,6
3817,0
2944,2
3393,5
1073,5
2593,4
3360,0
569,0
357,1
314,0
1431,4
1893,4
539,3
3604,0
2606,2
1674,5
3697,7
3100,0
2327,2
1628,0
2320,1
3497,3
2098,5
2297,6
2828,1
1889,0
139,5
2602,7
1064,3
3156,2
24,9
775,7
1618,9
1342,5
3613,0
178,6
353,7
1319,0
2570,2
2649,8
2620,4
2276,7
26,2
1526,5
2516,3
2262,7
211,9
177,2
902,5
3336,8
1931,8
987,4
1084,0
2227,5
3231,0
2930,9
2028,7
3131,6
220,0
513,0
3381,4
337,1
2776,5
3775,4
2343,1
370,8
1175,3
2574,8
3578,3
1188,8
1609,4
3164,8
1267,7
606,4
2921,1
1059,7
2373,6
1598,3
3166,6
650,4
3116,8
3763,9
1083,3
644,7
3890,1
3667,2
2304,9
3950,7
1548,9
3652,1
2169,9
2771,6
123,8
757,7
3132,3
1226,0
2157,1
1796,7
1230,1
244,3
3996,9
856,9
1757,1
3073,9
1228,5
2182,3
1540,9
1674,2
3183,8
3022,2
268,5
3574,4
2787,7
3549,3
2728,4
2072,6
1328,4
3978,3
1174,1
2893,6
1356,8
2907,5
1219,1
3136,4
3097,3
864,0
3238,2
1415,6
548,5
3829,6
3297,1
3238,6
3238,9
3522,8
3141,0
2185,4
741,6
1500,6
2157,2
1708,5
1330,8
2788,5
1472,9
1813,8
2442,2
1477,8
1426,5
1430,9
2071,2
1240,2
3777,7
2606,7
1038,2
3201,6
2682,5
519,2
2800,4
3025,5
1780,0
248,6
1388,3
1829,2
1745,2
1986,5
3322,6
611,9
2274,7
692,2
3967,6
2210,0
3426,7
3881,7
3885,4
3073,6
2040,3
3079,4
1762,2
716,4
120,3
2656,2
710,8
381,9
2433,8
3859,7
560,0
758,2
3326,5
682,3
1344,6
3690,5
1670,3
2011,3
164,2
2771,2
3326,4
2537,3
1878,5
3323,5
820,5
2402,9
2682,4
3574,6
3620,2
1761,5
3233,3
132,3
3158,3
2699,3
1579,0
818,8
1371,5
1140,4
2687,2
2712,4
2613,0
2266,8
3507,1
1882,8
3694,7
2534,5
457,9
3689,8
1598,6
3377,0
749,1
2017,4
2408,5
90,4
922,4
1546,8
3291,4
274,5
277,1
3705,6
2163,7
2067,0
1678,9
3375,3
1624,1
2690,5
1572,6
1719,2
123,1
3123,2
1824,2
394,6
638,7
3364,8
1847,8
2796,6
3787,4
3070,4
714,5
1006,6
3706,8
633,1
2631,4
2541,4
2510,4
3159,4
1320,4
783,2
1047,6
2118,1
1297,0
3403,7
1327,7
2368,7
372,4
2592,3
1854,5
1612,3
271,0
666,3
2168,1
2461,2
2794,3
275,8
1212,8
2000,5
2395,4
1805,9
1685,3
1201,5
1380,1
475,4
3451,7
148,8
2450,5
471,5
2001,8
2942,7
1086,5
2156,2
135,0
124,9
366,5
779,3
535,7
1384,9
2387,0
3192,9
650,6
3945,2
1354,9
2364,9
3218,5
1393,2
957,3
2514,2
1423,3
2944,1
1121,2
2365,0
620,8
2686,5
3031,4
3310,7
2209,7
514,5
2158,7
2017,8
2865,8
1488,9
2621,5
3166,9
1452,7
2100,2
2028,2
3867,2
524,1
1450,0
106,5
662,0
3194,9
2552,0
2422,9
1597,2
1064,6
1777,1
984,0
424,5
1206,7
2578,6
2375,9
316,1
2671,5
2438,1
3395,0
2344,1
972,5
867,3
3162,9
2537,7
1006,5
460,4
2405,3
168,7
741,8
1008,1
1674,7
2777,5
2254,2
520,4
3834,7
1948,2
1519,0
1146,1
850,8
1533,6
3419,5
2619,4
700,8
3701,2
1650,9
902,3
1357,7
1577,6
3072,7
2216,9
3815,3
3561,8
347,0
727,7
3415,9
1776,0
1639,2
3444,7
2838,0
2665,0
2900,4
654,8
3081,9
1541,1
3229,0
160,4
2723,3
3304,3
40,2
3823,0
1471,4
955,7
75,3
1007,1
1545,1
889,3
3459,9
2302,0
1653,2
1989,6
3901,1
166,1
3556,2
3792,5
3791,0
1533,9
324,6
1558,2
669,4
2566,4
1935,6
3776,9
439,4
1231,3
1641,3
3041,1
2104,1
3858,4
2308,7
2907,7
327,0
3063,4
3966,1
3801,7
1975,4
719,8
1343,9
1684,6
3721,3
2008,9
3229,7
1008,5
390,1
2046,1
2426,0
254,4
1448,9
2806,2
611,8
3163,8
80,3
2179,8
561,3
238,1
2255,3
2547,2
1130,7
2539,6
1920,1
416,7
1278,0
244,8
2794,0
3729,8
396,9
853,9
3680,6
2073,2
2301,3
2629,4
2371,2
1173,3
1670,5
1706,6
3389,5
2769,8
3689,5
1779,2
1541,4
450,0
146,1
3646,8
3008,4
3178,7
732,3
2706,8
1628,5
1561,2
939,4
2916,5
1333,2
552,6
401,6
2260,4
3474,2
3999,5
908,5
3279,1
134,0
846,0
1476,9
1421,9
3730,0
3797,9
944,2
3538,0
2592,2
95,1
3920,3
1583,0
679,2
3520,5
2418,4
3520,6
204,3
3613,1
79,6
3150,2
2685,7
2082,8
1613,6
204,9
2614,8
3371,9
2365,1
1212,0
3550,6
2270,6
3100,3
2633,3
2665,0
2126,0
308,6
2604,1
2038,0
1496,1
3866,2
809,2
2384,3
935,6
848,7
2034,8
3087,3
3153,1
67,4
1377,1
2037,0
1914,0
620,4
3456,8
1940,7
302,9
2544,5
515,8
1189,6
1289,4
3937,6
1737,8
592,3
721,0
1117,0
1313,2
681,3
152,0
1389,9
641,8
846,5
3805,1
3174,8
975,1
3692,0
2282,1
1353,9
2043,6
2906,1
405,0
3044,9
961,6
3259,2
898,6
3985,2
361,7
286,5
29,1
2740,2
3112,1
3328,8
2178,8
3039,6
2398,0
1478,8
1750,9
3791,2
3640,9
1509,9
2318,9
2158,8
3310,4
860,0
1573,4
1682,6
3876,4
1366,9
3816,9
1627,8
747,3
2827,5
3180,6
758,9
863,1
2238,8
2228,5
3422,6
2984,5
3006,2
1454,0
2360,8
412,2
3687,5
3221,2
1205,2
3833,5
545,5
3535,3
2034,1
3246,0
3326,8
1326,0
441,7
1073,9
3934,6
3568,7
3358,5
3431,0
3404,5
2529,9
549,5
3362,8
992,0
3766,0
3929,9
828,0
2493,8
3954,0
565,8
63,6
1459,1
1923,3
1181,4
2143,7
540,3
2755,4
1123,0
3067,0
1441,9
3706,3
3909,5
450,8
2228,0
568,5
907,7
1707,4
1237,6
1406,2
556,6
249,5
3887,4
564,3
3080,2
1183,9
1626,2
2066,8
429,8
216,0
1625,2
506,1
2196,5
2252,8
1692,8
90,0
3363,6
720,7
1309,2
2732,4
2795,4
740,3
965,3
1207,8
1097,2
3189,8
2854,1
750,6
2151,0
3675,9
1856,5
622,3
3706,9
1018,9
1279,7
450,2
3332,1
1731,2
2105,1
2369,2
2513,6
1234,8
3154,5
1933,5
1180,0
1520,1
3066,8
1299,2
3146,0
2640,3
267,3
2255,7
907,6
3412,7
302,5
904,8
1662,0
711,2
2069,7
2030,6
1612,9
3522,7
2497,3
65,5
1929,0
810,7
1659,5
1099,8
2265,1
302,8
1884,2
579,3
519,7
3244,0
1448,0
2666,3
2765,1
2987,3
3629,1
976,0
1457,0
2783,7
838,1
3278,7
1764,7
2954,7
3484,7
3275,7
516,2
952,6
513,5
1113,0
1113,7
2944,6
246,8
503,1
1657,2
3080,1
1028,9
3503,1
1990,3
3648,3
2341,2
1751,6
3469,2
1988,2
26,1
755,9
1351,8
924,2
3508,5
3695,0
2073,9
1181,6
526,9
3367,8
1750,6
1159,2
3695,5
3649,2
954,8
231,2
2282,9
623,6
2095,3
2485,9
3808,9
1552,7
3242,8
2133,4
1466,6
2573,3
1004,1
3832,2
3698,9
1023,5
2467,6
827,1
3721,4
1862,7
2185,0
3684,7
2448,3
1649,8
386,6
714,4
2754,7
475,0
3168,3
3435,5
1734,0
3273,6
193,7
181,7
1552,8
2031,8
3149,4
3841,5
1502,2
747,8
2651,4
2193,5
1437,9
71,4
3883,3
2072,0
3331,1
3449,9
1003,1
1968,4
821,0
803,1
3668,0
771,5
2881,6
3414,2
3404,5
3877,5
2563,1
1705,1
3940,1
2806,9
2018,1
1477,9
761,0
1122,2
882,7
730,9
181,9
3555,9
2801,8
169,4
2701,6
1564,4
3788,3
2906,8
354,0
3966,2
1466,1
933,7
3715,1
1540,7
1694,2
12,8
3048,2
537,6
551,3
413,7
3286,6
3087,6
1073,1
1010,3
832,5
3911,4
1347,8
3507,1
3105,9
1454,3
3985,2
2960,2
549,9
3324,4
3258,2
2122,5
3360,3
469,7
2985,6
73,2
531,5
2730,1
2709,8
1765,5
1324,5
2519,6
323,8
1535,9
1188,1
1253,7
3585,9
455,0
3809,0
72,2
2859,0
726,9
532,9
543,3
137,8
3924,3
1755,4
729,1
3885,1
1809,7
926,0
460,9
3574,4
1453,2
979,5
1213,9
2641,2
2483,2
2140,8
3198,2
53,0
1079,3
1702,0
265,0
613,7
2270,4
1642,5
40,8
2033,7
1268,0
1133,2
3247,7
1811,1
2037,2
578,5
1342,0
3955,4
3975,5
1925,3
1346,5
293,9
285,9
3903,4
3890,0
1608,4
2932,8
1991,0
20,4
455,4
663,6
3294,9
3352,8
2874,3
700,1
1104,6
986,0
3780,7
2566,4
504,2
1634,5
3253,4
1892,1
2266,0
3877,9
199,6
47,0
2888,9
100,4
3682,2
3758,6
2144,7
394,3
3770,2
243,0
2154,0
2928,0
526,5
2941,1
3516,6
2426,4
3274,9
758,5
184,9
3257,9
1860,2
3764,0
1867,1
809,8
1728,0
2554,6
3790,5
3155,7
525,6
2518,3
2599,9
74,0
1448,8
1475,1
231,2
2224,1
1654,6
3751,9
2091,7
3504,5
492,8
3924,2
2269,2
2500,8
2185,1
713,3
754,5
1422,9
1561,1
527,0
3692,1
897,3
3922,8
3326,5
1015,0
2711,8
440,9
1816,4
1134,1
2106,3
3515,0
492,9
2677,7
3102,8
3829,9
3122,4
2527,7
3971,9
2287,2
3283,4
2599,5
1462,9
1787,9
1184,6
921,1
3918,6
3289,7
1399,7
521,5
2545,9
2933,8
1348,5
3544,5
1871,9
517,5
2524,0
2420,4
2052,7
3821,7
2786,6
3318,0
3608,3
3197,0
2467,9
1892,8
1377,5
1231,3
3708,7
79,8
3517,1
1612,9
2833,1
1813,0
2970,4
2599,7
3030,5
702,4
112,6
158,0
1000,0
3552,5
2019,8
1853,1
3283,5
1085,1
1860,0
253,3
1644,4
801,8
1040,0
319,4
1973,2
2439,4
397,1
468,2
1022,6
20,0
1394,0
2231,0
1569,9
2040,2
1118,0
1582,8
3267,1
562,1
2813,1
719,4
2551,3
3051,7
1160,7
1495,3
3901,3
1432,2
2916,3
403,5
2941,0
2042,0
3232,0
121,3
2127,7
32,3
570,7
2606,6
2580,9
1281,0
2361,0
1376,3
1116,1
452,1
2034,5
3946,6
3424,9
1946,7
2181,9
693,9
295,5
2529,0
3391,6
3860,9
2755,2
1793,6
3223,9
3621,9
1331,7
1361,0
691,6
1045,0
3618,4
529,5
3203,5
731,8
2724,5
3598,4
2083,0
665,0
3421,2
708,1
2235,5
1280,6
1788,8
2197,7
2561,8
2187,1
2074,5
2485,1
499,8
1665,9
1246,1
2240,9
255,8
1046,8
2266,3
1600,3
381,6
3240,9
1677,7
3690,5
1649,2
164,6
2689,2
736,6
1837,0
3073,2
108,6
142,0
1707,8
865,9
1393,7
3503,2
1909,6
1461,1
767,5
2951,3
2622,0
2840,8
1007,7
425,4
712,1
529,9
135,3
912,4
574,8
756,6
1788,9
1832,9
794,6
2208,8
2473,6
2852,6
1246,8
1920,0
2683,1
2312,3
1885,7
3755,3
2567,8
383,9
3185,8
2726,1
3312,5
1763,8
1348,1
2815,7
1093,8
186,9
1482,2
178,1
1790,2
1685,2
3843,8
2470,9
3524,0
1073,8
3900,6
783,8
712,2
3160,5
3309,3
3692,0
1800,0
3967,1
3322,4
3464,8
1744,8
2216,7
3412,3
3003,6
2773,1
960,1
343,6
3848,4
3610,5
3040,4
2443,7
1086,8
2957,6
3597,9
1253,4
2393,0
3145,0
3802,7
70,4
2752,9
659,1
3171,2
633,8
71,6
1279,6
3409,6
3319,3
1549,7
1962,2
1467,3
2564,8
1725,3
2400,9
1026,1
3633,9
1423,0
3478,0
594,9
923,6
3750,5
334,1
3429,5
2696,5
2705,2
2936,2
3425,0
2735,4
2989,0
2638,6
696,4
1647,8
3327,5
3637,8
2501,5
3092,4
1948,0
577,2
19,4
2136,1
3715,2
1807,8
472,7
2045,3
319,2
2794,8
2004,5
150,7
776,1
2889,5
3156,4
286,7
801,5
3917,7
1716,5
2461,1
1882,8
454,6
3830,7
3272,7
621,2
2221,5
1902,5
1983,4
226,0
3402,5
2744,7
1679,3
3054,0
1613,3
2814,1
2223,5
3278,1
2102,8
3413,5
1221,4
942,7
3919,5
2495,9
2177,3
902,7
2991,6
904,4
2175,6
1753,3
3639,9
3531,7
8,5
1815,3
855,3
588,0
3663,8
3098,8
1000,2
1341,5
2101,3
2635,1
1585,5
3964,2
3943,6
252,9
3012,1
2001,6
126,0
941,3
2464,3
2643,5
3164,1
3977,8
1455,3
3458,6
3315,8
2792,3
1992,6
940,6
415,9
1742,8
1932,2
1354,1
3689,4
1480,0
330,2
1090,4
2021,1
3540,3
925,6
549,6
3411,9
2583,0
1899,3
1072,5
1055,7
2951,8
2246,0
2638,7
771,2
1025,3
429,2
1362,6
3329,8
2353,6
1162,9
3774,3
3244,1
3056,8
2643,6
3521,8
3519,0
2751,7
1611,7
2355,5
2242,7
2543,8
1921,5
1113,7
2378,3
1754,6
3565,4
1446,4
2935,2
2025,2
440,9
2134,0
3798,9
2478,8
1171,9
2930,1
1470,4
1002,5
2077,3
3921,7
21,9
3686,6
415,1
3636,8
331,2
1916,8
1617,4
3751,0
2076,8
3149,9
1109,6
3780,0
2321,4
746,8
1817,6
817,1
3613,8
398,6
3640,7
1567,7
2082,5
224,2
920,7
3596,6
3339,9
1779,1
2794,3
704,3
3921,9
423,1
943,4
1522,8
1464,5
3208,6
2512,3
1153,5
562,3
749,9
3970,7
1117,5
3065,8
2456,4
1706,6
2494,7
663,8
1754,1
2133,4
3210,8
223,2
1742,6
2718,3
2066,5
1875,9
2363,6
970,0
3987,5
3231,9
2644,9
205,2
631,5
666,4
762,4
1412,8
1747,7
2730,9
2231,0
826,8
3592,7
3231,9
3778,0
70,4
260,6
1844,0
3808,3
1834,0
513,2
851,5
1311,9
756,1
451,0
624,8
443,9
286,2
1245,6
492,7
2011,4
3535,5
2986,3
2641,5
18,1
1178,4
534,9
1402,2
2337,0
3484,0
564,5
2506,2
3986,1
2656,9
1991,7
2322,3
380,6
3741,3
668,7
1390,6
420,8
3540,6
1005,9
2695,7
1080,7
3029,2
317,9
2544,5
3540,9
1145,9
256,9
1419,1
2047,6
711,8
1427,6
355,9
1229,1
2801,4
3390,6
2673,2
1853,6
2006,4
2327,8
634,2
3322,6
609,8
383,5
3437,3
2011,5
2118,2
677,0
1831,3
197,5
1257,2
3681,3
1009,5
806,7
1145,4
1432,8
2399,6
922,3
783,6
2173,2
2065,5
809,1
978,5
2220,2
307,4
3684,6
84,1
2254,4
2175,8
397,3
3284,3
698,7
3031,5
3470,9
2748,4
3344,1
3022,1
2815,5
3490,9
2078,8
607,1
1123,9
1801,4
2942,9
2834,6
2153,7
2911,4
1108,5
3452,8
397,1
3999,0
2610,4
989,7
1943,8
1199,9
1430,1
1282,5
3481,2
2113,1
1800,5
451,9
2675,0
2164,5
1566,3
2308,0
1744,8
1682,9
602,8
3446,2
2248,9
1297,1
3209,2
3381,3
2334,1
2068,5
804,3
3753,2
865,6
1289,9
1968,4
3816,2
621,0
1515,0
640,3
2832,4
3018,9
1087,7
2736,2
2448,8
2794,8
3129,4
618,9
3966,4
237,0
3415,0
3363,3
1151,5
2142,4
3938,3
2268,4
389,2
1685,8
2290,9
3556,0
2826,6
1813,5
1641,8
2898,6
2040,5
2605,9
3317,4
3789,4
2755,7
3098,8
433,6
2183,7
3851,3
449,9
738,7
667,9
2588,4
183,7
2524,5
917,8
496,7
3324,4
2652,5
2440,4
1866,5
2745,5
3662,8
1303,2
218,3
1351,8
3143,7
3759,8
3838,8
3465,7
1417,2
2474,8
2813,0
3119,4
1956,9
2731,2
684,7
3251,9
1937,4
6,7
2219,0
2270,1
3864,1
439,9
1639,9
1826,6
1769,1
3752,0
504,6
3487,1
645,3
1999,9
1442,9
2785,2
148,4
3819,3
3382,9
2622,5
142,6
3308,5
624,5
506,0
212,1
1162,7
2809,0
3301,2
1014,7
1802,4
100,9
3353,6
3597,5
30,6
2963,4
1663,1
3328,8
1348,3
2385,5
3817,2
2722,2
2565,0
3767,7
2199,9
1008,8
2390,3
1418,7
3573,6
2005,5
312,9
3481,0
953,6
1191,2
537,8
546,2
840,5
3690,9
978,6
3148,9
431,5
682,9
1161,5
3883,3
3596,2
1667,6
3791,9
2721,1
2661,3
2843,8
2306,3
3994,8
3565,2
389,2
3178,2
749,3
3781,6
510,8
2045,2
2016,5
1110,7
529,0
2589,8
1731,6
2490,8
2580,5
1239,7
114,6
3218,2
3434,9
324,2
2101,9
2639,3
1537,7
586,5
65,3
716,6
180,7
1977,0
3286,9
3215,5
3273,2
144,9
2017,0
398,2
3858,2
3800,3
3994,3
934,9
2766,0
1318,6
1542,0
2244,3
1095,3
1915,3
2964,2
3455,9
211,9
3750,8
385,5
1241,9
341,1
3678,6
3253,3
3203,5
3771,3
3466,8
2758,4
2136,6
2624,8
3356,9
1298,5
3359,4
330,3
1775,1
2856,7
491,7
139,7
1487,2
2430,0
2749,8
545,5
943,2
217,4
671,8
3000,0
3634,5
395,3
456,5
3909,0
325,0
1870,3
2429,1
459,4
1441,9
876,6
1484,4
3192,8
1580,0
3225,9
2897,2
2567,2
1847,6
2549,4
275,1
2109,8
2495,0
2828,2
2406,2
3854,7
2446,5
2136,2
1160,0
1464,4
2969,5
348,7
3238,8
2852,6
1474,5
3625,7
1719,3
3274,8
2069,0
3162,9
382,3
2988,8
2861,6
90,0
3530,7
760,4
3086,1
1883,0
1655,8
2728,5
2987,8
446,3
1228,6
1091,8
3520,3
336,9
1853,9
3708,4
3734,8
41,3
488,4
2288,4
132,7
1389,3
1178,5
715,0
10,2
1869,2
3850,0
897,4
1238,4
6,8
3387,9
1207,3
1570,2
862,9
1468,2
2746,4
2994,5
460,2
681,1
676,9
3928,2
3246,4
170,6
1372,6
2609,4
2163,1
624,8
3093,3
3559,0
689,2
2973,8
3404,4
3247,2
3182,6
571,9
1196,6
2507,1
3961,7
610,2
3148,6
936,6
3759,8
1045,2
2317,7
3583,3
2617,5
579,3
3647,7
693,7
3371,1
2633,2
3131,8
3741,0
357,9
1900,4
3432,1
979,2
244,4
2433,0
3480,3
2977,9
1775,1
167,8
42,5
1052,5
3644,6
649,9
2824,1
2309,9
2347,5
3839,9
3081,3
1418,5
632,3
876,6
3598,6
2533,2
555,6
991,4
2502,0
730,9
1113,3
2549,7
428,6
3579,7
1571,8
2067,8
2598,3
1926,8
2132,0
302,9
3494,0
963,1
613,7
1541,5
587,5
361,2
2618,0
259,6
511,1
376,0
164,4
2528,4
601,3
2558,8
1983,0
480,5
2714,2
436,7
564,8
3216,2
3505,8
2495,3
566,1
3085,1
1753,7
210,4
3527,6
2239,8
119,2
361,2
1458,3
2712,1
1375,4
1806,2
1361,0
3416,6
1807,3
1142,2
3558,7
1099,0
17,2
2819,2
1092,4
1287,6
763,2
3074,7
325,8
3376,4
16,2
2155,8
147,3
150,2
2462,8
1766,8
1762,2
2515,6
2976,4
1090,7
18,2
2832,0
3323,1
1118,6
3312,9
2687,2
3747,6
482,2
2868,0
1728,1
3318,1
3749,4
1538,3
3551,1
2717,1
3367,0
2730,2
1106,1
2704,9
3606,2
714,1
3933,2
3633,0
2476,2
425,4
304,2
1102,0
1933,7
3581,2
261,6
514,0
2218,8
2916,0
645,7
690,9
3107,6
1324,2
706,2
3314,3
1279,7
1293,5
1565,4
1887,3
2612,8
11,6
543,0
677,3
3364,1
2296,2
1826,9
2712,3
3644,8
430,5
903,9
381,1
1493,4
2134,4
575,6
1697,5
2772,2
518,3
1828,9
702,1
1516,3
2781,1
95,8
315,6
2393,7
3815,3
1795,1
3467,5
3172,4
1949,1
398,9
1899,4
2084,4
1284,3
2925,4
2502,5
1306,9
619,7
1206,1
691,1
2290,8
1296,0
654,5
692,1
2758,2
3162,9
1474,9
1974,6
3677,4
990,3
3408,5
3029,7
2054,1
252,9
1982,3
2680,4
2655,6
1185,8
896,2
2447,4
2451,9
1764,4
2548,9
1818,9
2133,9
811,4
2695,9
2723,4
2536,2
3686,4
3087,0
2465,3
3801,6
3057,6
2705,7
1845,2
3137,4
3476,8
667,6
974,5
1190,7
2725,6
2505,0
1063,5
216,9
1122,4
3490,7
3878,2
3959,7
985,0
2105,7
2110,1
2089,3
2050,9
719,5
332,2
2343,4
2434,4
1166,7
3483,1
15,3
3560,9
461,0
2401,3
49,2
1073,9
657,4
3809,0
3876,9
1734,1
1128,7
3657,2
2704,9
2138,8
2542,1
756,7
1540,9
1263,0
650,5
392,1
447,7
3152,7
2064,3
3927,1
3913,7
503,2
2463,2
3136,7
1913,7
838,2
2337,5
3309,1
3855,3
2224,2
1936,9
1556,3
1753,9
2319,5
2798,4
3096,3
2608,0
1902,4
1290,3
1831,0
3226,2
2494,4
1792,8
444,8
712,6
3235,7
1879,3
3548,3
1719,7
934,5
1635,7
3291,5
3826,7
2434,0
2019,2
151,7
428,8
3098,6
3522,9
346,2
552,2
1279,2
504,2
3834,8
1554,2
1389,9
1960,9
2906,3
2117,5
1868,6
897,2
3688,1
3686,2
1905,8
2911,5
2846,9
2501,2
2909,9
745,3
1828,6
1921,9
3035,6
1459,5
1674,8
1187,1
4,8
3708,1
3377,9
2624,6
668,6
719,2
1121,5
2681,2
1173,8
772,8
1522,7
2172,5
2025,0
1662,1
518,3
3267,3
2370,4
76,0
1803,7
2322,5
403,8
938,3
763,8
1595,1
2846,7
896,3
94,3
1883,3
238,8
1632,5
1700,7
1437,4
3293,2
3466,0
429,3
3316,9
622,5
3241,1
2244,4
3971,6
2737,2
2965,3
3293,0
1015,7
3588,2
273,8
3133,3
3305,4
1294,0
876,2
369,6
63,6
868,5
2531,5
1683,3
2761,5
2918,3
667,2
2058,3
518,6
3713,9
329,1
1609,9
1631,8
460,0
2380,3
77,8
2473,7
2413,3
3088,8
3777,5
3302,9
3956,4
459,5
667,2
34,4
1053,7
1313,2
31,4
1400,0
3377,0
2657,1
2425,6
3148,7
2563,0
1960,5
3174,3
3921,2
1684,1
2939,1
3818,6
1890,6
1010,0
112,8
2488,4
3979,2
2355,4
1924,1
1167,6
3679,8
1116,8
1571,3
3097,5
865,7
1662,7
1477,9
1548,4
3870,8
1782,2
3149,6
2411,4
1264,8
1738,1
3467,6
1701,5
1275,8
369,3
1882,4
3955,7
2609,0
3018,0
1280,8
1084,4
1679,5
2529,9
3923,7
114,0
2303,3
368,1
1648,1
2004,1
2134,4
3417,8
2691,5
2732,1
3542,0
1839,1
2629,2
2992,3
3243,0
749,2
3767,6
3555,5
2832,1
1883,4
2666,3
1235,6
682,8
2318,2
2104,3
827,3
1513,6
710,3
106,0
3489,8
3180,7
592,3
2322,9
3575,0
2044,2
1347,8
3025,3
667,8
2958,9
1158,9
528,3
57,9
291,9
550,5
905,4
902,4
3561,5
546,7
2301,2
1893,1
1818,5
162,7
1533,6
1988,9
762,4
2521,8
3748,0
2046,3
635,4
169,4
984,2
1976,6
2842,2
829,6
2255,6
3110,3
257,8
1454,0
1606,3
3462,0
582,8
1024,1
2314,1
1601,2
1225,3
3013,8
913,9
3567,0
2776,7
1687,1
2272,1
3474,2
1388,0
2848,6
965,1
3768,9
2058,6
1011,4
2620,3
411,0
3429,3
2418,4
3564,0
1411,1
3961,2
329,2
1512,8
1344,9
3920,6
1999,3
3633,0
467,3
2591,6
2858,9
1360,7
2276,0
71,6
2826,2
2879,4
2123,5
759,4
1994,3
511,6
3497,8
2022,8
2292,0
1474,5
2766,3
732,3
668,8
608,6
2644,6
1896,1
867,5
643,4
736,2
2217,4
723,1
574,8
517,2
1319,0
3911,3
1424,1
1218,3
1721,5
578,3
1668,0
3842,9
1407,6
1205,3
177,8
2393,0
2535,5
1980,4
1308,1
2476,4
2122,9
0,0
3955,1
2791,9
3022,9
3988,9
754,0
2311,9
3492,2
3770,7
1408,4
2352,9
905,2
1565,5
465,6
2485,3
3431,7
502,5
2147,8
1333,9
787,1
2794,8
2083,1
3674,9
495,8
3752,3
1800,5
3515,1
3207,7
237,8
3029,8
3609,0
2934,9
1858,2
153,9
1571,3
1857,6
3387,9
1712,0
2900,9
216,4
1304,6
1889,9
434,6
474,3
2021,8
128,3
2256,5
3312,4
2236,7
428,5
1578,8
3758,7
191,7
304,0
1069,6
1912,9
2913,0
2820,5
1775,7
1497,0
3741,5
3659,2
945,5
2859,3
3835,4
500,1
1378,0
244,5
1360,8
2523,6
445,2
3525,7
2492,0
3272,8
3848,8
220,3
2412,3
2893,2
149,0
2401,1
120,0
201,2
1570,6
2986,7
3844,2
3178,7
2171,8
153,3
3521,8
1764,3
1845,6
2043,8
3851,6
3101,8
915,8
3145,7
3819,7
3972,2
3172,2
2345,7
1556,9
1843,3
3200,8
1419,9
3976,5
2355,1
1072,2
3822,4
370,8
2934,3
3941,1
2523,2
1387,8
1788,6
2077,7
903,6
439,5
1936,3
3972,6
564,8
328,7
2474,6
3247,6
334,2
3544,4
2573,0
1569,1
1424,3
2545,4
232,1
3528,9
3166,1
2471,5
1944,3
734,6
3818,7
3546,2
3554,5
203,2
2578,4
3446,0
2811,8
3487,0
1886,8
1813,9
2658,8
1947,9
1861,7
2586,9
2659,5
2151,4
103,7
1397,0
1172,0
2651,3
3474,9
2180,7
1977,8
569,0
2943,8
1902,1
1026,2
1871,1
2868,5
3752,3
1481,8
2999,5
1794,3
1842,1
3671,5
952,4
934,9
3577,1
1470,7
1029,1
1546,0
3093,3
2366,1
3483,6
1059,4
202,8
578,7
1702,8
1651,0
3945,2
3235,7
346,9
486,7
2735,1
3298,1
732,1
2103,5
2626,0
16,8
3544,6
1226,5
664,0
3495,9
331,1
3730,3
658,6
3120,5
185,5
1419,1
3547,9
2237,3
2421,1
3710,2
2541,4
3150,9
