135,0
1155,5
1261,1
1814,6
1890,2
1017,0
1982,1
686,5
1334,9
650,2
374,4
752,7
1164,1
1628,1
1753,1
16,5
1368,4
990,3
524,6
73,9
940,7
1292,6
1150,7
135,6
116,4
1806,6
872,1
1392,9
1273,6
1447,9
803,3
516,6
976,9
1320,1
1376,3
1699,9
841,8
845,3
16,2
1029,9
307,5
1485,1
1932,6
802,0
389,3
1148,3
59,8
473,6
1333,3
186,0
737,8
619,0
787,4
1139,0
1148,8
320,5
348,8
79,4
1272,9
1998,1
1082,6
1858,0
43,4
615,1
1248,6
1563,2
1431,6
9,3
1792,9
39,2
1020,6
1278,3
343,8
1149,8
1893,3
620,8
1582,1
177,3
1481,5
917,2
1353,3
1364,6
330,0
598,7
1466,9
576,7
1383,2
1658,8
1453,6
1422,5
236,5
1254,2
1178,3
338,3
1614,0
1979,0
1336,3
1132,9
210,2
1433,5
1543,4
182,9
197,2
761,8
964,6
795,8
1715,9
1569,8
983,3
972,2
658,0
578,2
1317,4
347,5
358,0
43,5
352,5
226,3
1166,6
1445,3
757,4
1563,2
1491,7
1559,5
1307,4
1416,8
1502,5
882,8
472,2
1658,9
576,0
1811,8
46,1
1708,4
1433,5
118,1
1304,5
1958,3
932,9
927,1
447,5
1869,2
1080,3
1537,1
569,2
576,3
1335,7
1370,4
1671,8
331,1
656,0
1971,6
1972,3
1077,1
1918,2
2,4
1131,6
1236,3
1769,1
1978,3
1504,4
854,0
850,5
1367,0
100,4
199,2
1929,1
676,2
1651,6
256,1
1001,1
56,4
1911,3
1588,2
921,5
1954,1
1765,2
339,5
315,0
1075,7
333,7
1817,7
1630,4
1298,1
428,8
1694,4
1245,0
1751,5
699,6
1861,5
96,9
3,4
432,5
351,0
664,9
709,3
426,0
856,2
1573,7
1845,1
1143,2
1991,7
1458,7
1465,7
1999,8
464,4
902,6
1445,8
1944,9
1075,4
274,8
341,5
563,3
157,0
1784,5
179,2
1067,0
1220,5
1120,8
1126,1
1675,6
205,3
82,2
383,4
103,8
631,5
34,2
524,3
1055,6
1727,0
797,1
1415,7
530,2
1548,8
991,4
1749,8
183,2
754,8
430,5
1705,2
531,7
1074,0
1038,3
433,4
504,4
1974,3
125,0
982,7
754,7
616,2
1270,8
831,5
1339,8
26,7
1409,6
1084,3
1750,9
1324,4
127,7
189,5
1941,0
11,4
1488,5
1562,9
485,8
1695,0
1903,9
1418,6
1550,3
794,5
994,3
1279,4
102,2
1006,3
1581,1
1767,2
1918,2
1046,5
350,1
923,1
897,7
1993,1
1808,1
1649,5
586,3
1772,3
139,7
299,9
1757,8
911,4
960,5
391,2
650,6
525,6
1615,7
80,5
991,2
1583,1
883,6
1370,7
805,2
72,2
770,0
167,3
545,5
1464,2
496,4
1606,4
1411,0
763,3
235,6
369,4
1128,0
776,5
1230,0
1517,5
697,8
1205,8
257,4
1996,5
1355,3
256,1
933,0
1740,2
367,0
469,2
298,5
375,7
722,1
749,6
235,3
1811,2
572,2
155,8
478,6
913,5
435,7
1583,8
1991,9
368,1
744,2
597,8
1940,2
537,5
854,1
1077,0
1184,2
755,4
104,3
3,3
290,4
1598,3
161,4
606,6
830,2
1690,6
660,4
1427,0
737,3
1776,2
428,1
809,3
646,3
405,1
1555,9
1300,7
1526,0
1980,0
1197,6
1189,1
1889,7
851,7
60,4
1942,0
776,0
563,2
1708,1
1088,6
630,6
66,5
1318,2
695,6
224,3
1843,8
639,5
826,4
1050,2
82,2
1480,8
1062,3
819,8
922,9
14,9
1299,4
1654,1
1362,0
1609,4
1843,3
1401,3
1449,5
1871,0
952,0
1168,8
1168,2
1584,8
572,8
137,8
894,1
1098,8
921,0
447,7
235,6
5,8
961,5
1353,2
1385,5
405,5
1396,5
1610,4
1908,6
1629,3
960,5
1745,8
1607,8
232,8
1370,9
713,5
344,5
208,1
504,4
1512,3
1016,5
1113,2
1929,9
1186,9
886,9
1461,0
1112,9
1333,2
1436,6
1120,0
1999,3
1900,7
1198,1
211,2
560,7
126,5
496,5
1459,4
1948,3
1678,7
239,6
289,3
319,8
1867,6
773,9
985,8
1791,4
128,1
328,2
1670,8
386,3
115,2
761,4
266,1
791,4
615,2
887,1
680,0
1802,9
524,5
1867,9
1485,4
1667,5
332,1
43,9
832,8
1174,2
142,2
1530,3
1416,1
962,2
502,8
532,4
1796,6
1187,9
688,2
213,9
1794,1
1714,7
586,2
1441,3
1003,3
978,1
1849,0
1611,5
1219,7
1364,6
817,3
1201,2
1388,9
34,0
256,5
92,2
1522,3
1653,1
241,0
1170,3
1150,8
1329,7
1083,8
293,6
1509,4
1301,1
17,2
163,2
568,5
1534,5
1794,8
1335,9
563,6
1907,1
1624,3
1429,9
1297,0
1384,8
203,8
1183,8
1780,6
1550,8
766,5
244,0
575,5
815,7
1919,7
1326,4
175,1
532,5
505,8
1666,2
827,5
705,1
1779,2
1906,9
586,1
982,5
1472,8
1820,5
939,3
174,8
687,2
698,7
1276,6
753,3
1930,4
418,0
1254,7
788,3
586,3
405,1
1373,3
405,6
1519,5
50,2
850,5
1538,8
1594,2
402,1
307,9
498,1
1621,9
1468,1
1912,5
1064,0
1911,1
641,8
646,2
1333,7
1267,1
111,7
94,2
772,8
184,2
943,5
604,1
557,3
576,9
153,3
731,5
597,9
1251,6
1357,1
1805,3
1371,2
820,2
265,6
1509,0
1675,0
1441,2
840,0
96,3
1661,0
1701,5
1360,5
533,5
852,8
311,6
1617,7
1306,5
1601,9
954,8
1259,6
833,0
1679,6
556,2
166,8
1301,3
935,3
714,9
761,5
1967,4
1228,6
73,7
1734,5
501,8
1502,7
492,8
154,7
392,0
153,4
467,1
240,7
868,3
1445,1
8,9
813,1
1506,2
1062,6
1426,6
1107,3
1798,8
187,3
164,9
337,1
1875,2
1329,7
621,9
239,7
1269,9
1423,0
183,7
756,8
516,5
89,8
1306,8
385,6
1733,8
703,0
744,1
901,8
26,1
1678,3
369,0
1818,2
336,7
732,3
1887,4
613,5
958,8
910,7
89,8
1767,0
970,8
35,2
1682,4
1568,3
1253,7
1304,1
1113,1
1721,4
1260,5
1172,4
904,3
728,8
1384,8
1596,9
1127,6
238,5
461,2
798,1
936,1
1770,0
1020,5
1176,2
1691,6
709,5
595,5
944,2
1834,3
1462,2
1706,5
1387,7
1980,4
333,5
822,1
1545,0
1908,8
794,2
1687,9
1269,1
1153,9
1557,3
1948,9
183,6
1949,5
1958,5
1660,3
1156,6
256,3
1373,5
1724,9
1227,0
508,3
1176,4
1902,1
888,2
1825,1
1362,0
1822,1
1426,2
1497,2
912,0
1878,6
942,8
699,3
1461,3
969,2
1196,8
858,2
237,7
1209,6
808,9
1476,5
3,7
83,3
376,9
469,7
1037,6
815,1
1954,6
1332,8
253,3
947,1
1509,8
52,4
384,5
512,4
1437,3
82,9
145,7
881,0
1906,9
1835,1
133,5
1521,4
1335,3
1157,1
1422,8
644,3
1854,0
931,6
1738,0
539,3
1120,7
899,3
3,5
802,7
519,3
1538,7
1247,2
1171,1
1094,1
1381,2
959,5
1170,6
1085,6
543,6
1042,2
1377,7
1833,2
1392,3
577,9
716,4
1424,4
1729,3
979,2
300,3
1478,3
187,8
105,8
695,8
1997,6
912,6
1521,7
476,1
254,6
1695,9
116,3
1625,3
995,8
1074,7
1946,8
502,4
832,2
273,3
419,0
1817,3
1779,2
1806,4
1950,1
1874,8
1466,2
761,0
1956,8
1887,7
1243,0
443,4
1851,6
728,5
1435,8
1773,9
246,4
1889,5
1257,2
1201,9
1425,0
205,0
178,9
1445,7
984,5
455,0
1342,7
918,9
879,6
1593,2
735,1
1032,3
1481,8
695,1
1495,8
817,4
1523,2
995,7
576,3
1117,0
568,3
873,2
404,3
1321,3
1069,5
2,9
1349,2
443,3
1268,8
307,0
884,8
581,9
907,9
61,3
1708,8
120,9
1164,6
45,1
1942,3
221,2
173,4
220,1
292,6
300,1
1840,3
461,4
1288,3
167,6
258,0
884,1
557,9
1006,9
1246,0
235,2
1403,9
1626,6
568,5
1869,4
517,6
1412,8
1908,9
717,3
972,8
686,7
1807,4
1230,2
1275,5
838,6
67,7
299,6
331,4
1289,5
342,9
1934,7
607,9
1563,9
809,6
1691,5
599,6
1297,9
571,2
1764,2
415,5
1354,8
1973,7
453,1
1279,7
704,5
1902,1
1991,8
1083,9
745,0
1590,8
1199,9
770,3
1066,8
349,4
510,5
465,9
1568,6
1020,8
1505,5
1663,4
1576,2
1976,1
976,3
1632,0
1462,3
852,2
1809,0
484,1
1567,4
1261,8
548,5
1543,8
706,4
350,8
87,2
1297,2
584,4
1773,0
417,7
1110,7
1658,6
282,6
1753,6
1142,9
1354,0
1140,1
1854,7
940,7
1430,7
662,7
1262,1
1936,4
1386,0
356,7
1202,8
1238,1
1021,7
817,3
1086,5
847,4
1185,8
1210,2
1460,1
1413,0
454,7
1129,3
1616,1
497,0
613,5
501,8
811,2
743,2
215,7
1408,2
1994,9
1335,5
1565,7
1638,1
62,9
1052,8
392,2
786,3
1860,6
303,4
641,3
73,7
1316,4
914,3
112,7
863,4
1716,3
1511,6
1975,3
448,3
644,0
185,7
1909,7
1910,4
833,8
607,6
1286,2
488,9
1685,8
510,5
95,5
1239,9
1155,8
1446,9
869,0
1681,7
1085,3
1235,7
805,8
335,7
1200,5
299,8
1643,9
409,0
1941,8
228,6
1758,7
607,5
1504,9
1149,0
1680,7
1392,9
1859,2
98,1
464,1
677,4
986,8
203,0
1482,8
820,2
1470,3
859,3
899,3
128,2
852,9
1491,5
48,0
725,6
1261,7
303,1
1406,5
335,5
37,5
310,2
1081,9
722,3
1014,6
668,2
1832,4
209,2
1109,7
817,2
1357,0
73,5
1714,1
545,9
199,6
1029,3
1866,2
244,8
930,5
666,2
679,7
1550,8
1075,5
346,9
316,0
334,3
735,1
1380,2
236,8
1457,7
547,2
1728,9
274,4
1102,4
1259,6
757,5
391,2
1337,0
1358,0
1284,4
337,3
1187,6
750,9
141,0
1201,2
534,4
1738,4
951,4
1955,9
843,2
509,6
346,5
976,5
262,2
1919,1
1319,4
1165,7
1686,3
1713,5
1868,0
346,3
1512,3
964,2
1539,6
1430,6
596,0
865,8
642,5
312,0
1724,9
207,2
1530,8
614,0
1314,9
914,5
858,2
1232,0
1456,3
1160,3
811,9
579,6
1424,0
1485,6
563,7
1640,7
1524,8
646,4
1781,2
629,8
1949,7
616,1
1262,3
1545,6
902,4
240,7
1944,9
642,6
791,7
970,7
120,2
1096,6
1397,5
636,5
1489,4
1745,3
639,4
826,8
1409,7
798,6
785,6
1859,0
593,8
1451,2
1330,0
432,9
103,3
1104,8
1480,1
1321,7
1621,9
324,8
833,8
1762,5
1786,0
631,7
1209,0
1112,9
734,2
1429,2
841,0
727,2
88,4
985,8
1844,5
53,5
394,6
389,8
682,9
1846,9
1825,2
508,8
679,3
377,6
1896,5
1130,6
1523,3
1383,5
1668,0
1880,9
193,5
1160,3
1111,0
1484,9
738,2
16,2
1279,2
789,0
866,5
700,6
854,9
929,7
280,5
1208,6
754,0
1064,9
936,0
1946,4
324,6
352,9
418,4
1414,2
219,8
890,6
1379,3
1642,9
705,8
1330,2
113,7
450,8
43,8
1632,6
576,2
1459,2
138,2
491,2
610,4
161,1
734,6
1587,3
1457,8
972,1
560,7
660,0
725,2
332,7
1782,7
808,5
1858,2
955,7
209,0
1060,1
1369,9
1354,3
160,7
551,7
276,6
1432,5
620,3
1377,7
1756,0
1360,1
699,4
1640,7
1157,5
1433,2
208,7
1042,1
1615,5
599,1
455,4
976,0
1413,4
1511,5
1564,3
527,6
480,2
1941,9
147,5
71,1
1250,3
103,4
127,8
1550,7
205,8
177,5
1293,9
485,5
1611,1
673,7
392,9
1751,1
1334,1
994,9
1189,4
335,0
848,6
1916,9
1975,5
289,6
698,3
112,5
1434,5
525,2
1551,5
590,0
121,1
50,0
1928,7
417,9
1210,2
1559,3
1064,9
1263,4
543,5
17,5
1519,5
172,1
1653,1
1602,3
1545,7
1910,2
854,8
1014,8
1037,9
1848,2
681,6
1462,3
945,2
1817,0
943,7
1927,9
259,2
1101,2
1510,9
650,3
1839,1
1025,5
1944,7
1596,9
1838,8
369,8
1019,9
1126,3
403,5
691,4
1536,1
267,7
446,6
1083,0
118,0
895,3
315,6
1303,8
759,3
108,3
1442,4
802,7
1495,3
1453,4
1591,2
1507,4
1770,5
1110,6
777,4
1581,7
141,7
1687,9
1557,3
319,3
1289,0
1454,6
1362,6
180,0
1398,0
244,0
756,0
1794,1
804,2
190,6
812,6
733,0
257,4
971,4
548,6
1395,3
472,6
1898,7
277,3
815,1
1567,4
355,9
851,2
1897,7
1190,7
300,3
349,2
1954,8
1933,7
820,5
1440,8
58,6
332,1
760,3
1268,5
459,3
858,7
3,7
459,8
62,8
425,9
359,1
55,0
99,3
182,1
360,5
18,5
347,0
444,5
560,6
118,8
304,6
448,3
298,9
869,4
1818,9
1860,1
1113,9
991,7
1002,3
342,9
848,4
770,2
1744,4
400,8
1802,0
1475,3
1590,6
296,8
641,3
232,4
133,2
96,7
201,4
1696,4
1005,5
1461,6
1668,5
582,4
703,2
577,4
1422,1
1924,3
229,6
1611,8
1328,7
172,4
1719,3
1284,5
1551,0
1567,5
1894,7
1210,6
492,4
1512,2
194,9
134,1
947,6
1216,1
645,2
1920,1
479,8
1946,3
263,2
1128,6
755,1
1942,2
427,7
1741,0
656,3
784,4
1391,1
552,7
963,8
272,2
238,0
1072,2
342,7
1209,0
431,2
117,1
460,3
557,5
1877,7
759,1
551,9
485,8
1679,2
94,7
1717,7
411,4
1080,3
1394,4
1756,2
1554,4
1862,2
755,1
676,5
1082,9
189,0
287,5
699,6
1712,0
186,7
273,4
512,7
122,9
1290,0
302,4
155,1
1740,2
404,0
1864,6
305,7
824,4
1353,1
830,1
211,0
888,2
1017,4
1688,7
14,6
1828,0
430,7
1693,8
1562,9
928,8
416,0
287,4
1309,3
1789,0
1266,0
747,3
791,8
1141,6
18,5
956,4
1013,5
1585,8
1035,8
86,8
896,2
677,6
1700,4
413,5
1006,6
385,8
1104,5
1647,2
1038,8
768,5
1710,5
1475,1
1358,2
618,3
616,5
946,9
135,2
20,6
566,3
1421,1
1309,7
1884,1
251,0
689,9
1074,2
1696,8
661,6
200,3
1794,1
87,4
1199,6
360,2
613,1
84,1
768,4
1268,4
1490,0
567,9
299,8
1049,6
217,5
1326,0
110,8
865,7
887,9
1550,4
1478,8
1665,6
1796,8
1933,0
568,7
236,9
950,3
42,7
1351,6
224,3
1309,3
1153,1
1043,0
1990,8
566,4
970,9
662,0
212,0
202,4
1336,6
439,6
1853,9
911,7
1388,1
185,2
493,9
84,3
145,9
187,3
1648,6
119,5
1008,1
167,6
442,8
17,3
924,9
1062,7
1198,7
1190,6
549,4
392,0
153,9
103,5
135,7
478,1
694,7
658,4
1962,9
1154,2
810,2
479,3
498,7
395,7
135,5
1731,0
942,1
700,0
1819,6
1054,3
1659,6
1059,2
768,3
191,5
1296,2
1757,1
556,5
1421,8
1793,5
1071,6
1617,3
1070,9
846,6
348,9
892,5
1218,0
884,1
1588,4
295,6
1782,5
1641,5
321,5
1705,6
803,9
1714,8
1466,6
307,8
1566,8
1246,0
322,3
19,2
697,4
682,7
1927,5
483,2
623,2
29,9
934,2
1368,3
1945,7
1564,7
1700,2
1190,5
1245,0
757,8
1812,4
1704,9
1260,5
790,2
1686,2
1627,9
1265,9
197,4
1892,1
1602,0
1991,5
1047,0
869,9
1569,9
418,1
396,2
988,3
164,1
1731,4
415,2
679,8
503,9
1318,8
744,4
1235,0
622,2
213,6
1804,9
741,7
764,9
293,1
1418,5
992,4
239,9
1525,2
862,8
1700,9
208,8
53,3
975,6
1978,5
821,7
1707,5
1874,6
1899,4
112,9
1133,0
407,6
713,2
479,8
188,6
1674,7
1283,5
1853,5
1797,3
593,9
115,9
446,1
929,7
2,7
65,6
37,7
868,7
652,3
479,7
1295,0
1855,7
491,7
1405,9
870,5
240,8
1703,8
1845,7
1761,6
462,1
1027,2
1006,7
1441,2
1712,0
609,1
1131,1
1572,9
22,0
1658,7
1322,3
708,7
428,7
344,1
1112,2
583,7
1948,0
494,5
1929,7
319,3
779,1
1132,6
483,5
1753,3
8,0
1150,3
1730,3
367,9
771,8
188,4
835,5
1512,1
1922,6
1882,0
1788,0
676,4
1003,1
1016,5
1792,3
1363,8
31,2
416,2
301,8
862,7
1499,3
380,9
912,9
1162,0
743,5
768,3
973,4
74,8
681,3
682,1
1594,6
1180,2
130,1
1768,1
451,0
297,6
1741,5
160,6
213,7
1240,9
133,6
1735,3
1158,5
89,6
237,7
492,2
1097,0
1996,7
936,7
684,6
1804,7
489,3
913,0
1471,9
587,2
695,9
402,5
1927,3
1453,9
616,8
1920,3
1206,1
20,9
1689,7
442,0
1814,4
496,8
1877,3
1327,4
193,9
859,1
33,6
1224,6
1497,2
715,5
336,0
1800,8
1519,3
1061,4
158,8
769,2
974,0
1335,8
1382,2
655,9
302,5
59,8
542,9
397,6
692,4
777,0
1175,1
1614,6
527,4
1123,3
81,1
1859,2
683,7
1640,7
243,6
393,6
1248,8
1732,5
1061,6
10,7
465,5
909,2
152,8
154,7
1727,4
86,4
458,9
249,5
789,5
477,3
949,7
1397,2
108,4
1630,2
446,4
583,1
167,0
1664,1
297,6
340,7
550,0
1573,8
769,7
603,9
613,6
1581,4
1843,3
1883,9
1900,4
481,6
1874,8
156,7
1551,0
1034,8
194,4
1683,7
829,5
954,8
1583,7
177,0
1411,5
1967,2
517,6
659,1
40,4
1989,2
536,8
1665,8
1072,5
1523,7
1211,8
289,4
1099,0
1499,5
1020,7
819,0
533,5
93,7
580,8
1125,2
1878,3
1602,6
1177,7
1406,2
1282,6
1075,6
733,6
853,8
1225,0
1298,9
1679,8
1737,4
37,2
157,9
727,7
809,3
1633,8
1440,0
556,2
1499,1
1742,8
1378,4
464,1
1735,7
78,5
1109,0
480,3
1499,4
1147,7
1336,9
903,3
1062,3
990,9
439,8
522,9
192,9
1339,0
328,9
891,0
46,5
1394,9
669,6
664,6
497,6
1486,5
1015,0
1371,9
1366,4
40,7
671,3
1402,6
325,7
434,2
332,5
1286,7
100,3
78,3
1458,5
1950,0
19,7
615,0
1856,3
1180,8
1791,0
1732,6
255,3
1844,0
562,7
250,0
1240,9
938,9
495,9
201,8
701,0
1147,6
409,2
957,1
428,2
1393,3
1003,9
1260,5
1985,8
49,4
462,9
716,5
1411,5
222,7
1193,7
236,8
292,9
1078,6
138,3
1176,3
1811,3
1394,6
1024,9
1912,5
1164,9
1465,7
643,6
159,8
1412,8
763,9
280,2
126,8
176,0
1352,1
272,6
33,6
829,3
584,7
471,3
447,8
71,9
626,6
1384,4
844,0
21,2
504,6
437,1
1144,3
201,9
1128,6
1233,9
223,5
514,3
1147,9
1321,4
1257,3
427,4
551,5
1252,2
1130,7
1756,9
638,5
936,4
33,3
1494,9
350,9
39,6
379,8
874,6
1585,1
908,6
1135,1
465,4
877,6
944,4
385,6
882,8
1444,8
1642,5
705,5
625,6
515,1
1064,3
1532,8
125,6
1189,4
1161,9
1576,4
1391,6
190,0
517,2
74,1
1872,3
450,6
545,3
1937,2
673,0
1902,3
1278,0
346,4
994,1
492,2
600,2
1709,5
622,4
930,4
617,1
1596,7
1404,0
1505,4
1462,8
1977,2
926,2
40,5
239,5
190,8
419,7
352,1
1105,5
597,0
551,4
1552,8
485,3
752,1
1439,6
1705,4
337,4
1936,3
879,3
1544,7
404,0
1600,1
311,0
1177,1
1148,4
1704,2
80,8
1296,5
1490,3
45,9
1841,0
0,6
474,7
1630,4
542,1
583,8
1285,3
743,9
325,8
1390,6
97,8
895,4
786,3
187,6
822,5
1612,2
522,5
1057,5
1465,6
1276,4
130,2
1036,7
1754,9
955,5
327,3
967,8
376,1
738,2
1525,2
569,5
1034,9
756,8
834,8
625,0
565,6
1489,0
834,9
176,5
811,7
1045,6
387,7
1901,1
1000,8
200,5
1361,2
800,9
806,6
413,8
1105,0
1242,4
1624,5
53,1
823,8
218,7
512,9
1148,3
1859,2
1272,3
1883,1
1881,8
798,0
26,3
1106,4
528,9
639,2
228,6
313,1
1457,3
10,7
466,5
1809,7
105,4
765,1
638,0
760,4
318,1
851,3
943,5
1333,1
836,1
484,5
1686,8
431,8
1053,4
1745,2
1777,5
246,8
691,5
410,9
1881,1
726,4
1982,0
282,8
1030,6
1177,4
850,9
1895,4
504,0
372,7
1360,9
1893,2
254,6
1191,0
82,4
770,9
433,3
703,3
977,9
1290,0
552,8
453,1
1409,6
1874,1
1123,1
1886,2
834,7
1294,6
322,1
139,1
319,3
1566,3
973,3
505,1
576,0
1050,2
91,8
337,2
1594,2
860,4
766,2
1319,7
1868,2
229,8
1188,4
1180,8
449,6
1028,2
1270,1
1774,3
755,3
20,2
1946,5
1828,2
1812,2
572,3
1442,1
1605,7
181,1
720,4
76,4
1761,9
849,0
829,8
339,1
1508,4
1585,6
558,6
1803,1
56,6
712,7
172,1
1478,7
1809,5
1270,9
72,0
531,4
1921,4
599,0
1617,7
1516,0
68,3
610,7
306,9
1062,1
1971,2
1805,7
1794,9
1683,2
820,7
1958,2
724,3
881,6
1062,2
713,5
1783,4
154,1
1638,3
1007,6
342,0
1443,7
1423,8
1307,6
1320,6
720,7
884,9
1773,3
398,2
1469,7
406,5
305,1
697,3
1156,6
531,3
1887,1
1492,6
1452,4
1314,8
1067,1
1604,7
965,7
378,0
1876,9
1789,1
959,3
74,4
1959,4
1166,2
211,4
417,0
1995,6
322,3
374,3
677,6
100,7
479,7
1419,6
734,0
899,2
1801,4
1264,9
11,3
1426,9
1278,5
1790,4
1257,1
778,5
1609,5
283,7
369,0
127,1
1217,3
1562,3
280,3
336,8
1081,5
1383,0
1519,4
1322,9
1328,3
685,7
211,3
85,1
337,8
338,0
140,6
963,4
370,6
1192,5
1168,5
854,8
487,9
1565,0
495,2
968,9
1822,1
169,3
1190,2
1395,7
2,0
1412,2
1567,3
1897,6
1930,9
1359,7
142,3
282,6
618,0
377,2
963,3
852,6
1006,9
602,2
540,8
892,8
1540,3
1465,1
818,0
616,5
401,2
199,7
73,8
1159,8
1049,2
403,1
1235,0
1092,4
106,1
1127,9
428,9
1161,6
1167,1
1239,7
1421,8
440,2
959,5
631,3
1195,0
882,4
1565,6
1780,1
823,7
978,5
552,1
904,7
78,2
1953,3
1771,1
265,4
1032,5
626,4
828,5
56,8
27,3
21,7
1695,6
196,6
1991,4
1270,4
1522,8
1414,9
1145,6
189,2
1984,8
84,5
363,2
1133,9
1136,6
1729,9
288,7
1848,9
1941,7
585,6
667,2
55,2
1934,8
1384,9
1575,6
420,4
1413,2
1330,9
254,7
18,8
1523,6
1690,8
452,7
497,9
1784,7
206,7
1370,3
894,5
149,7
630,0
1438,7
671,3
180,5
651,7
904,0
40,6
1372,4
460,6
1421,3
43,4
912,2
1864,8
1214,3
1746,4
271,6
1450,1
168,2
1829,6
1076,4
1942,9
339,0
360,1
277,4
1182,0
1157,1
492,2
757,7
849,4
1134,0
971,0
1380,2
1993,8
1019,4
1950,6
636,3
1723,3
710,1
1305,0
1268,9
713,2
210,4
1484,2
1727,4
1073,6
497,1
866,7
1532,3
1661,1
1376,2
1795,7
1910,2
227,0
1992,1
372,2
195,9
228,1
29,3
1059,7
438,6
159,5
1425,9
894,7
1759,7
637,9
1216,1
987,4
1848,0
5,7
1059,4
224,1
1272,8
456,2
1887,2
1498,7
786,5
819,1
468,8
1384,9
69,1
1426,7
1105,5
1855,0
220,3
394,3
1837,5
1925,3
301,1
908,7
414,5
409,1
1339,1
1782,6
468,4
903,6
1446,5
547,3
972,4
1127,3
696,3
281,6
383,9
1708,5
1448,0
1880,3
67,9
103,0
1641,7
1328,0
1927,3
115,9
618,9
1305,8
105,5
1161,4
1461,9
106,4
578,6
1740,2
466,2
1685,7
198,4
60,2
1748,1
1751,6
1174,8
1621,5
1752,1
555,3
384,0
559,2
907,1
790,5
428,8
1054,1
1011,9
1722,7
1983,2
161,6
1923,1
1670,7
1594,2
725,8
1530,2
706,3
1049,7
1249,5
1171,0
341,5
1302,7
153,3
1716,9
640,1
1190,3
1453,0
1408,8
482,8
1001,7
1594,8
71,7
1413,6
1164,9
1862,1
595,0
781,2
392,2
1174,8
1259,7
1870,4
483,0
153,3
417,3
837,7
268,1
1564,0
774,0
1420,4
1921,8
966,9
36,9
1225,0
250,9
652,6
689,1
701,3
1581,8
1644,4
912,9
471,4
1627,4
1908,9
1713,7
720,0
1104,3
1530,8
1022,2
494,9
788,8
1827,2
637,5
1364,3
334,3
1711,9
1523,8
1903,6
1902,7
1065,9
1470,2
392,9
624,4
1385,3
360,3
503,3
510,2
340,1
1641,1
1948,6
413,3
1305,7
1700,4
901,2
509,2
1108,9
1606,6
1229,2
1451,3
604,1
300,3
1945,8
1280,8
1462,7
748,8
556,7
1617,2
546,4
25,3
1090,7
528,7
44,0
354,1
1878,5
679,1
122,2
1601,6
302,8
1554,8
1170,9
1214,9
844,1
340,3
1491,7
363,3
1805,3
558,7
1049,0
1992,7
1772,7
766,2
1580,2
1695,0
606,9
380,2
607,2
1270,8
485,6
332,8
1060,1
1554,7
239,4
865,7
1700,2
1009,1
1590,5
1990,6
1481,4
525,6
1136,6
469,5
1014,2
894,5
1470,3
1939,1
875,6
1878,5
831,0
768,3
740,9
101,2
332,5
761,6
265,7
1781,2
1260,4
1287,5
1406,4
269,6
1040,0
95,9
1730,3
895,3
1574,5
1714,3
850,5
172,6
1783,5
77,1
1077,7
589,4
363,5
728,2
1360,8
1322,6
1522,4
633,3
1281,9
837,9
1243,9
1745,4
1574,5
174,9
1279,0
763,8
389,5
591,7
612,3
514,0
1155,7
959,8
1725,9
906,1
655,2
448,4
166,3
259,2
1926,0
195,6
170,5
539,7
1680,2
865,1
496,2
187,2
1007,0
290,6
312,8
696,5
613,3
1448,4
224,6
18,1
556,2
1139,7
595,8
486,2
1294,8
1468,4
982,7
957,9
1533,1
1404,0
427,4
844,8
1850,9
997,9
1776,3
1604,1
512,9
1813,4
1775,4
1202,5
1975,1
1737,9
126,8
318,5
980,5
901,2
303,9
318,0
694,2
1535,2
271,0
962,1
1545,4
307,3
649,8
488,8
405,2
446,0
769,9
663,6
1069,1
54,1
187,4
678,3
178,9
941,2
708,0
1396,6
1807,4
1380,9
6,1
432,6
1197,6
1812,6
535,1
208,0
1615,1
1413,5
1576,6
1308,3
197,1
73,9
568,9
803,5
1083,4
1071,9
656,5
1250,3
1833,6
99,3
1063,9
1298,0
1907,1
1739,8
1357,0
488,7
1352,4
297,5
1186,8
1205,5
1861,8
1630,5
1423,8
981,3
497,5
243,7
1081,9
99,7
1632,3
1232,5
595,4
321,8
1410,0
1655,7
378,6
451,3
1027,0
743,9
217,5
1331,8
1771,9
1692,5
1798,6
140,9
110,2
140,1
209,6
273,4
1772,8
1465,9
1049,3
1749,0
1871,2
148,9
201,1
1523,1
1410,6
102,5
1509,1
309,0
1366,2
614,2
1903,7
1167,1
1773,5
489,3
119,4
898,3
385,2
1483,8
84,9
444,0
331,1
105,7
526,4
85,0
591,9
88,4
1398,8
418,5
1917,1
1229,7
1291,9
1060,5
1424,0
1669,6
1365,9
808,7
1089,5
1308,0
714,5
310,3
1074,2
201,5
734,9
1268,5
341,9
398,8
1053,5
754,4
549,8
1066,7
1857,8
685,7
937,9
1065,3
1185,5
1183,2
1110,6
33,5
1198,7
619,1
1884,8
1988,9
214,1
1092,8
951,2
547,4
626,3
741,9
1533,5
935,4
906,1
1960,4
1092,1
1479,8
1630,7
433,7
1787,1
1127,0
1597,1
545,6
1758,0
1190,4
1520,2
998,9
1701,5
1453,7
93,4
328,5
1347,5
805,4
1959,5
28,6
1689,0
1759,9
1578,4
179,4
1267,9
284,1
1474,3
74,9
664,7
133,4
1747,5
1497,5
140,1
1089,5
592,2
85,9
1167,3
500,0
1782,5
1649,4
173,6
861,9
1440,7
711,2
814,5
997,1
1187,0
1569,1
598,9
85,5
721,3
1109,2
196,2
1710,6
1689,2
1970,3
1573,6
1697,9
1619,7
1478,6
480,5
743,5
214,7
1242,3
1321,3
55,8
1395,0
498,9
1920,5
725,6
1258,8
287,3
1266,7
1775,5
66,1
1535,7
389,8
1345,1
1251,7
1802,3
1774,1
704,7
1374,8
1477,0
1884,2
1857,6
1537,2
1569,5
684,2
1057,7
854,2
938,4
902,5
1452,5
1202,7
666,6
1356,6
249,9
1273,8
630,6
1568,4
394,0
55,6
1374,7
1196,1
1710,1
1302,9
799,1
1850,3
1456,5
1756,3
1075,4
636,6
1112,8
188,6
365,4
1619,8
599,6
195,8
1391,5
1802,2
413,0
586,9
358,0
1929,4
1029,6
1689,2
1627,4
1349,4
694,8
1536,8
754,1
317,3
1714,5
589,7
1132,0
205,7
824,5
363,8
1447,2
540,3
1747,0
256,1
283,8
1632,5
139,8
284,1
1389,4
647,9
721,1
655,2
1005,0
973,5
806,6
609,0
1258,1
715,0
930,5
1801,8
1595,6
788,2
31,2
649,4
294,6
1224,2
1278,8
126,6
474,6
915,6
430,5
83,4
1575,0
189,0
410,8
1917,0
707,7
521,3
1466,8
1934,8
548,2
1832,9
1855,3
1988,2
363,8
934,8
1049,8
1097,1
1541,1
794,4
1459,9
1283,0
1659,3
1240,8
1748,5
1923,7
1825,5
192,9
62,2
312,2
1624,8
1103,8
688,2
1980,6
126,0
603,8
1093,2
1827,6
779,2
984,1
1924,1
257,7
691,4
424,9
1553,2
419,2
265,3
197,7
1881,6
611,9
1961,6
551,9
1304,2
263,1
1291,7
1730,8
484,4
592,0
4,2
1047,7
1889,3
1948,1
1958,1
1392,1
1373,1
1655,9
1197,5
1510,5
291,6
388,3
1010,8
317,7
1195,3
1063,7
1050,8
517,7
678,1
556,6
663,2
1497,7
1652,2
559,0
1651,1
753,9
768,1
1252,1
346,7
1058,2
1264,8
430,6
639,7
459,5
1736,3
682,5
3,9
791,4
1414,4
323,9
1732,1
1488,8
886,2
1454,8
1066,7
1896,9
877,0
702,7
1241,9
128,7
1551,3
1087,1
1124,4
1651,0
1099,6
1964,7
1670,5
1322,0
1772,0
1611,0
1529,4
1480,6
1960,1
1438,0
386,6
717,1
1427,8
546,5
1600,5
1924,9
1355,7
1585,4
1058,5
263,6
1836,2
1426,6
225,5
553,4
1419,1
214,4
496,7
1353,9
1804,6
619,9
833,3
1091,8
574,2
539,1
1617,2
256,7
156,7
1852,8
1464,8
1331,6
1596,1
159,3
1820,3
28,9
1170,3
419,3
45,4
1799,4
1356,3
961,2
1657,9
1644,1
789,2
624,7
919,7
1663,1
117,3
721,9
1198,5
1439,3
1453,8
609,8
590,7
633,0
45,8
1308,2
547,8
708,7
304,3
567,8
855,7
1332,3
44,5
1827,8
1598,5
682,6
324,9
1870,2
1178,2
1808,5
1960,6
1283,8
1319,1
1359,9
1475,2
1752,2
894,4
1291,0
186,4
493,1
1812,5
1251,1
1665,4
433,9
346,1
1476,3
631,7
1679,0
829,0
1446,8
55,9
1035,3
789,7
1355,1
327,8
984,9
1528,1
581,3
331,4
1779,5
758,9
190,0
1329,9
1303,7
525,3
1984,1
772,9
1593,1
580,4
1581,7
459,1
1419,3
722,1
37,6
1689,2
11,1
1670,2
437,7
301,1
979,2
1982,4
389,8
98,7
617,9
739,1
120,7
318,6
863,9
266,3
1085,2
549,9
946,3
930,2
338,1
773,5
1852,9
602,3
478,2
1177,3
852,8
26,3
1828,1
1848,0
1003,3
391,1
1893,2
1461,7
719,4
514,8
716,4
175,9
1849,9
1144,4
770,8
1201,5
1825,7
561,6
1962,5
273,1
775,0
387,9
564,1
1186,4
250,9
1454,5
1260,1
452,0
1683,7
495,3
1418,6
801,9
1081,0
1360,0
945,1
721,3
1900,5
437,1
835,0
997,8
12,7
910,4
361,3
221,5
849,7
601,4
1277,0
1587,6
1251,4
495,6
1602,3
831,3
1650,6
548,8
1608,1
836,7
492,6
170,0
1580,8
1376,6
1628,2
301,2
532,8
910,6
983,2
630,1
1460,3
1989,1
1615,4
90,1
958,4
1928,2
1731,2
1577,6
108,1
790,9
1387,0
1490,6
1142,4
1562,7
174,0
92,6
912,5
1018,3
1102,8
557,1
891,1
937,5
1320,3
1605,1
305,1
7,6
1206,8
961,2
395,0
78,2
1343,2
1499,5
1053,9
1253,7
36,8
1734,6
279,4
1039,4
99,7
1317,4
1236,8
1851,9
22,3
1331,2
1052,2
276,4
723,3
361,6
612,9
1472,8
828,1
1070,0
698,1
850,3
1997,8
1136,6
828,1
122,7
19,1
574,9
1968,6
1106,9
865,4
1248,1
252,2
193,6
1435,8
1835,4
125,6
1498,3
958,4
80,1
1714,5
1292,3
164,9
1259,9
240,8
801,3
1106,0
1622,6
1805,5
913,9
139,5
662,1
472,5
783,4
1709,9
1755,3
1389,8
1113,9
513,1
1314,8
595,0
570,9
1101,5
1541,5
736,5
873,7
1700,5
775,0
514,0
553,4
1762,9
666,4
1589,4
312,5
371,4
795,1
1394,0
1827,9
987,3
115,2
444,6
1519,8
733,7
758,3
499,8
1327,4
950,9
1606,3
1379,2
1059,8
593,1
46,4
468,8
1733,5
1987,0
889,5
1498,6
1276,5
334,9
1019,8
308,0
1371,5
1120,6
261,1
63,9
1265,2
819,0
1075,7
514,1
1656,5
1341,6
1695,0
401,4
776,3
1456,9
1630,9
988,3
692,5
905,1
1680,4
1808,8
585,7
706,2
1714,1
163,0
708,2
1842,9
1725,1
1754,1
1931,9
1994,0
951,6
756,7
737,2
1256,2
1967,8
718,1
1653,0
1766,2
387,0
1983,2
977,1
297,9
300,6
1628,7
93,3
1236,1
1470,9
227,0
1468,5
1605,9
1354,3
1298,2
1771,9
1989,6
1646,1
175,5
759,0
603,2
1330,7
1263,7
822,7
184,9
1034,6
1954,9
283,4
473,7
1433,0
1987,1
293,6
922,5
1866,8
1338,5
1326,1
367,6
551,5
764,6
190,2
923,0
85,9
888,9
1863,5
1932,1
1620,3
858,8
777,0
1659,2
785,7
1545,1
1230,4
1822,0
597,5
170,7
1245,6
791,6
1654,4
1149,1
1561,2
532,3
227,6
686,1
1456,8
1312,3
266,5
499,0
159,8
911,7
1155,3
994,2
1243,5
211,5
132,0
26,8
471,0
684,4
1390,0
1111,8
611,2
1313,5
1228,2
769,8
616,7
1434,6
809,9
1307,5
415,2
88,3
1273,0
1206,0
1434,2
505,9
1068,1
1246,5
728,6
1879,8
1489,0
698,2
1779,3
1672,7
1967,2
190,9
739,7
414,2
1419,3
1082,1
1498,6
742,6
887,4
1834,2
1736,8
1706,5
687,4
422,5
567,3
1760,7
396,8
818,3
1165,5
1195,6
1507,7
141,8
1455,2
616,2
757,4
20,3
75,5
881,7
1055,6
1086,7
107,5
1547,0
458,3
1072,0
87,2
1993,3
1370,6
1576,4
305,4
1673,4
1488,4
1651,6
1161,5
436,8
1722,8
1466,9
40,2
1969,2
639,1
1231,4
407,0
1152,1
1126,5
1282,9
24,5
705,6
478,6
1440,9
618,2
1260,1
870,1
1969,0
215,7
1512,9
485,5
1975,4
7,6
1031,8
1024,1
484,3
332,2
1590,5
953,0
802,5
1813,1
1488,8
44,6
1707,2
686,1
1146,2
434,6
1457,2
1741,8
1078,6
1440,9
1877,3
1157,5
227,6
1799,0
1554,3
1092,0
1577,0
1684,9
960,0
22,6
1695,9
751,8
1156,7
674,6
1990,7
574,5
1325,1
170,2
61,7
1425,0
679,5
238,8
1230,4
1750,6
1642,9
232,2
462,6
1061,7
793,2
1614,3
1247,2
1986,1
325,3
1253,1
559,7
1904,6
329,8
314,1
472,2
634,7
1598,1
1834,5
607,2
346,3
951,3
1577,4
1415,6
1060,9
1540,3
29,1
1966,8
1130,2
1057,7
594,1
110,1
1784,4
1846,2
789,7
235,0
183,7
151,3
1323,3
1545,6
844,1
1571,2
1097,6
1620,6
360,7
1814,6
557,5
504,4
8,1
1033,3
337,6
841,2
1508,1
80,0
1356,6
1770,0
1906,3
1417,5
1267,0
105,1
210,8
1025,8
1426,9
1263,7
1473,2
512,7
1622,8
402,9
1849,9
826,3
852,7
244,6
1245,1
15,6
1089,0
788,4
1120,5
1977,9
1402,6
1850,9
941,7
1267,7
1836,6
1677,3
94,2
1646,1
267,4
1135,3
919,7
1164,5
1324,6
1357,9
1658,4
1895,0
1662,4
674,9
1763,4
984,6
1610,1
515,1
955,7
963,2
265,2
466,4
343,5
1368,2
1245,9
1517,0
984,2
1634,8
1588,3
1534,5
186,9
218,6
1786,1
1243,8
39,4
370,3
950,0
1973,1
756,8
300,2
1562,1
1755,8
1617,1
1987,3
1077,0
711,2
1516,3
222,7
1715,6
509,2
780,1
1858,3
1241,4
481,7
1832,5
31,7
732,0
1648,4
1903,7
449,6
1465,7
500,0
415,5
654,0
956,5
514,0
1969,3
1356,2
428,2
1597,9
1993,7
1034,7
1419,3
483,4
313,7
612,4
1832,2
1821,4
908,3
1570,8
815,0
706,5
989,6
423,1
614,2
946,1
1328,2
1716,1
1567,8
1405,5
678,1
773,5
1002,8
539,3
380,1
193,1
802,3
851,4
1354,2
1324,3
1806,9
1703,6
518,6
886,2
256,2
805,2
656,1
859,5
1239,1
1142,1
37,8
1219,8
1407,3
272,7
1630,3
1954,0
829,4
597,9
833,0
55,8
1382,5
627,5
29,0
271,9
1319,9
1828,7
1216,2
1905,0
1628,4
302,2
515,6
1377,2
876,3
1139,4
906,2
63,2
281,5
1600,3
1639,4
1272,4
1458,3
1888,3
1845,1
514,7
1139,0
295,8
831,8
594,2
1953,6
89,0
1961,0
1527,0
497,1
771,9
1220,2
1294,5
384,1
623,6
444,3
1407,9
1354,0
691,0
460,5
1004,7
1509,3
832,4
582,7
1623,3
1317,5
437,5
1869,2
1706,7
1033,2
427,1
1661,3
415,3
970,2
1945,0
640,9
408,0
1200,7
1696,8
1945,4
998,2
1775,9
445,5
1738,8
1508,0
548,8
1404,4
736,4
234,8
1819,9
65,9
1508,8
541,8
1963,0
863,0
586,9
1468,1
342,0
196,2
1876,7
1171,2
1355,9
745,6
1965,2
1497,5
1781,3
1540,0
1488,3
772,7
636,2
536,7
1633,4
482,1
1,3
1873,5
385,1
1263,4
1316,6
1658,6
76,5
772,9
176,4
249,5
1132,5
708,9
108,2
464,8
342,7
655,1
1945,7
1677,3
266,4
1057,3
505,1
440,2
1317,5
1490,0
1300,7
1017,3
1120,2
517,7
707,0
1649,4
1792,2
1307,7
343,8
126,4
343,5
224,9
1504,1
1099,3
368,7
1787,6
729,4
1755,9
1188,8
608,8
1736,1
179,5
1657,0
623,4
337,0
1759,6
800,7
1605,9
1874,0
1497,8
1428,4
200,0
1943,8
1928,9
1968,5
1020,4
245,2
1389,5
504,4
1491,5
49,3
1430,7
412,8
1975,4
616,0
748,3
1131,4
1200,5
166,3
1479,7
1148,3
1730,6
721,4
1703,8
1956,2
430,2
109,5
1243,6
853,2
974,2
8,0
284,9
1627,5
123,2
1901,5
208,0
1311,1
345,9
932,7
1562,2
999,4
1896,4
1054,7
1623,9
1314,3
947,8
1003,6
1552,0
1502,1
1010,3
326,7
1164,9
99,8
410,5
1317,7
653,9
1511,9
746,5
700,9
1777,4
1418,9
637,9
1065,4
785,3
1626,5
1069,8
823,7
179,3
47,8
636,7
1598,0
521,5
429,3
1003,2
607,3
929,6
1847,9
1957,7
634,1
1766,7
1000,3
371,5
1594,9
1404,3
1514,5
136,4
165,3
1189,2
1282,2
628,2
239,7
1392,2
1408,6
754,1
358,7
1831,6
1985,5
1228,2
1205,0
1775,5
222,2
1189,0
692,5
538,6
492,7
444,7
1108,0
1958,0
1964,2
973,4
629,6
333,5
1531,0
817,1
1042,8
1476,1
1249,1
1243,7
1521,7
159,7
308,8
1979,2
166,4
1738,6
1044,5
797,0
47,3
943,6
1183,2
1481,7
1159,3
549,2
1501,2
147,4
277,3
268,1
338,3
698,6
1340,3
628,9
465,9
43,3
188,2
1814,6
613,6
733,5
125,8
743,5
8,2
452,2
24,6
26,2
14,1
1393,7
304,4
845,2
1705,1
1694,0
1907,4
953,6
549,7
1252,8
1180,7
436,0
1163,3
1575,0
1571,6
448,7
1664,9
1862,5
1705,2
1084,6
1301,6
1134,6
1198,9
848,6
615,4
887,2
1613,7
1715,8
414,2
1635,9
1932,3
1335,3
1440,7
772,9
398,1
362,6
1149,6
916,6
867,5
1844,7
1027,3
653,8
150,4
1757,6
105,9
385,9
1868,8
502,0
854,9
720,4
985,1
1246,6
1273,1
1527,4
1628,1
765,6
1825,4
1198,2
1728,6
1754,8
404,6
1512,0
1115,3
1318,1
10,9
1940,3
272,9
1088,2
753,5
1856,4
1471,9
1986,1
1944,5
1107,3
1795,0
448,3
375,2
1104,1
1153,8
1166,3
1140,3
600,9
813,9
1257,5
1565,7
1190,8
1830,8
203,5
146,1
1667,6
1238,4
601,4
602,1
418,9
1366,1
519,2
1531,4
803,4
134,3
672,8
277,3
1522,4
1879,0
1361,1
1782,5
1495,3
227,4
61,9
869,1
1877,2
1953,3
1096,3
137,7
1517,0
740,9
1038,6
1281,5
939,2
539,9
1723,1
1563,8
678,7
1601,5
1155,3
1712,9
1842,1
556,3
169,2
1428,2
415,8
1344,4
379,1
329,4
538,4
1403,2
1569,8
331,6
473,6
712,4
532,9
867,7
1536,1
254,3
1795,4
310,1
1569,1
400,3
1965,5
69,9
1974,6
1341,9
732,4
748,6
535,5
1119,7
390,5
357,9
120,0
174,3
1581,4
1509,5
217,9
1341,4
622,8
1436,2
1911,8
666,8
596,2
840,6
920,3
128,0
180,3
800,4
689,5
118,0
1920,4
811,8
770,3
575,5
726,6
264,7
1110,2
970,4
1792,3
453,6
1621,2
481,3
436,8
475,4
740,6
396,8
1219,1
1662,0
1265,4
718,0
1436,9
207,1
1034,2
1749,3
40,9
1100,3
1029,1
1436,4
942,3
1181,2
168,4
1994,7
207,6
103,8
448,2
898,2
696,3
1051,2
780,6
547,1
1077,7
581,7
705,1
1223,0
1803,1
1920,1
805,0
1942,0
395,3
1230,6
231,6
451,0
467,8
1170,4
147,7
811,9
654,5
1592,2
1376,0
283,2
370,6
442,8
116,8
1945,7
1311,7
1803,6
1389,7
920,0
565,6
766,5
567,6
1271,0
1612,6
654,2
939,9
33,2
1851,2
164,3
1036,3
220,6
804,8
870,7
1402,3
363,6
516,2
165,6
641,3
1630,4
38,7
1645,6
1689,8
399,4
1167,9
1094,7
1830,0
1189,4
1505,1
375,3
919,4
1043,8
171,1
1056,9
905,5
1032,9
341,0
1806,3
1091,2
750,7
326,1
1065,7
1769,7
1485,9
1295,5
1622,7
987,7
1431,7
463,0
1719,8
1526,7
1132,5
176,2
200,1
544,4
662,9
118,8
803,3
222,4
1020,5
1909,6
971,1
1055,1
513,1
1274,3
258,3
1376,5
1796,0
287,6
789,8
312,8
1759,8
122,2
93,7
492,7
378,7
1564,1
910,1
506,3
1479,0
340,0
441,2
192,0
1862,1
667,6
1356,6
132,7
1569,3
1927,7
847,0
1819,3
655,0
795,3
55,2
1893,4
1267,9
1412,8
324,2
1645,0
1147,9
1627,5
277,8
1371,2
132,4
216,1
337,0
308,2
387,4
1691,4
1309,4
167,8
251,6
562,8
859,2
112,2
1212,2
264,6
55,9
566,5
1232,3
914,5
891,5
1534,0
158,7
819,4
1242,0
1448,5
552,4
343,6
822,5
64,7
591,0
921,3
1020,7
1420,2
1324,7
735,8
1268,2
1938,6
1687,4
603,9
1476,0
257,0
35,5
394,1
1581,9
1445,1
1261,6
1799,9
1626,0
38,9
146,1
1479,3
982,8
663,7
1976,9
716,7
1765,2
1817,8
1538,7
1140,0
1399,6
1064,3
1710,0
1577,6
923,2
1227,2
873,4
193,0
1976,4
486,5
1000,0
1149,0
451,5
217,7
1342,5
1020,9
366,5
432,0
1402,2
1255,1
549,6
659,7
1192,1
1477,5
1249,6
118,2
942,7
1143,2
1240,7
248,2
239,3
27,5
1929,2
1462,8
9,9
1386,5
737,8
1175,0
1465,3
1948,9
699,6
672,7
1732,3
1025,1
1658,2
335,0
1229,8
1704,5
591,3
465,5
179,0
1770,0
616,6
1087,7
98,3
1309,1
508,4
427,3
1504,6
371,3
898,3
837,5
1056,0
843,5
58,9
458,6
1072,6
525,3
368,1
1569,0
1405,6
513,8
1758,0
831,3
139,0
310,8
1672,6
1283,0
672,1
1325,0
16,8
552,5
520,5
558,4
306,7
200,7
976,7
63,0
887,7
501,4
1726,8
1522,8
356,3
368,4
772,2
1813,7
1354,7
100,4
867,3
786,0
1334,9
25,2
1380,0
1247,2
160,4
1220,2
95,5
702,5
1150,3
1652,7
262,3
1452,0
17,6
85,3
201,0
1219,4
948,1
958,9
1857,7
138,5
1202,4
405,3
55,7
98,8
846,8
168,6
1021,8
9,3
1771,7
355,9
1281,4
345,6
772,5
79,1
927,0
1896,3
227,2
175,8
622,4
279,4
1132,7
579,3
208,4
1733,3
817,7
535,6
149,1
1739,3
254,2
1171,1
86,4
1392,5
1580,0
283,8
1324,1
1524,3
752,4
1486,9
121,6
423,1
1643,0
40,9
283,5
993,6
202,4
882,2
270,4
586,7
1429,8
416,8
361,8
738,6
1810,1
1888,3
334,3
663,4
1329,1
1295,3
141,8
484,3
784,2
1797,0
159,8
223,5
70,6
662,4
1213,7
1304,6
538,9
1186,1
169,1
126,3
619,0
355,1
1457,2
908,3
1527,8
436,3
177,4
1830,6
1623,9
1046,0
1568,1
158,1
223,2
251,0
384,0
196,4
545,3
141,7
1872,8
1439,3
1017,6
949,6
188,0
1719,2
336,6
1223,4
1322,2
557,2
1819,9
1283,2
1484,0
1344,7
1035,7
580,3
1539,5
1880,5
1500,7
658,0
1336,9
1755,3
1513,1
786,6
114,6
1005,1
564,4
1955,6
182,7
826,7
1841,6
1697,4
352,2
972,1
1514,5
819,9
1436,5
1050,1
889,4
494,2
1330,6
1557,7
1828,1
1106,5
932,2
682,3
74,4
1451,9
1648,5
1317,2
1257,8
319,0
818,2
571,1
1722,6
740,2
1025,8
589,9
337,1
1977,9
1935,7
970,3
208,8
970,5
507,8
1531,3
755,7
751,6
17,9
534,8
163,1
619,0
1302,5
958,7
181,2
1439,1
831,0
831,2
73,8
1015,0
1753,2
1781,1
1086,9
570,7
544,9
1940,6
955,3
396,6
939,5
607,2
1270,8
1069,0
236,5
659,5
559,6
1817,7
1650,4
251,1
531,0
936,6
425,0
108,8
1436,2
430,5
454,6
264,7
877,0
842,6
1278,3
1166,4
680,5
1241,9
206,7
678,3
890,6
1410,0
1586,8
1607,9
300,5
1321,2
113,1
1906,6
1634,0
1438,8
60,6
310,6
350,3
782,4
1173,9
349,9
92,1
719,9
772,6
1324,1
1605,7
1302,4
850,8
597,4
765,2
866,7
592,8
374,5
999,5
1408,6
1743,4
1337,6
655,9
1992,4
1864,2
931,7
1997,8
1772,7
1650,9
184,1
854,1
1374,3
465,4
420,0
492,5
1720,2
1619,2
961,7
1228,3
1060,4
1556,4
117,9
717,0
1300,7
937,7
1763,0
1077,5
73,3
1175,3
1064,0
214,1
1486,5
715,5
1629,2
283,4
1851,5
449,8
1658,0
1133,7
853,5
111,5
751,4
738,7
1547,7
1193,5
170,5
1211,2
409,2
1917,2
534,8
419,8
534,9
887,3
809,9
437,4
568,0
1548,0
1347,3
197,7
1245,2
273,2
691,4
1124,2
1057,7
1091,4
884,6
62,7
141,3
494,0
682,4
1181,8
516,5
600,3
72,0
1942,9
550,9
69,9
827,8
1417,1
703,4
1843,8
206,4
995,9
871,4
798,3
1334,8
509,0
401,4
363,7
1157,9
589,4
478,2
1055,6
1865,3
914,2
1018,5
1991,1
508,1
362,1
860,9
1071,6
980,0
1229,5
1864,9
141,9
1458,5
1041,8
1518,0
69,5
1573,7
1335,8
379,7
325,7
423,4
666,4
645,5
1864,9
12,4
901,4
944,6
214,2
312,1
1868,4
1022,9
1536,6
40,8
688,0
489,8
1382,2
1062,3
1469,8
1161,2
1635,9
679,6
749,6
1618,7
1374,1
1375,8
692,4
1509,8
1016,6
137,8
1108,3
1292,8
1907,8
1090,4
1993,1
48,4
1351,2
1245,9
589,8
261,2
316,6
1085,6
1267,4
971,2
118,4
1057,8
93,2
1133,5
1618,0
1954,4
520,5
579,8
956,8
293,0
1596,3
1650,0
1786,7
1901,3
703,3
729,6
1888,6
471,1
1730,0
1987,2
748,3
654,2
688,6
1194,1
1369,6
887,2
772,3
496,6
1966,4
1364,1
1170,9
342,8
351,4
1140,8
698,4
535,9
201,5
975,1
267,9
1500,7
488,4
1180,8
1244,2
1912,5
18,0
733,4
498,8
1467,2
507,6
1839,0
575,7
1088,2
1393,6
1484,0
847,1
273,1
1183,3
1339,6
731,3
945,9
1612,4
653,8
808,1
1231,3
1868,5
128,9
1223,1
1127,9
1948,1
302,5
1381,6
1458,8
535,8
1085,6
778,0
275,9
1094,8
1950,4
1116,6
394,6
1849,8
1888,5
1404,4
67,3
1,0
332,2
1413,2
1398,4
137,0
1689,1
594,9
519,6
86,6
840,5
262,1
885,6
684,1
246,8
468,2
1725,3
1130,3
495,4
615,8
838,5
1019,9
904,4
1673,3
1460,0
1653,0
1250,4
1982,9
567,9
508,0
651,1
1592,8
1084,0
1118,0
30,8
1715,0
1225,2
726,5
1104,1
1176,8
515,1
1835,2
964,5
1068,2
937,6
1969,1
1334,1
848,1
296,4
565,0
194,8
1105,6
408,8
1010,8
380,7
1784,2
1803,0
1184,9
1479,9
904,7
1427,2
1922,9
544,7
901,1
1146,9
1670,0
562,9
1465,9
634,0
599,6
1906,1
607,8
1077,4
1693,6
1378,6
538,8
1099,1
1737,0
848,1
1469,8
121,6
987,0
1958,4
371,3
87,7
1197,9
106,1
582,7
792,5
1096,3
798,1
1306,7
491,3
1452,6
831,9
1937,8
878,2
202,2
295,1
1991,3
584,7
1484,1
1261,8
1701,5
1500,2
1337,0
1122,3
1440,7
1771,5
389,0
1396,2
745,8
1936,9
1516,2
1964,5
316,7
1876,8
1116,0
130,3
388,0
762,2
874,2
822,2
995,2
738,6
1306,2
1927,7
1229,2
1288,2
106,9
446,9
236,5
116,5
1493,8
258,0
1354,0
1465,5
1602,5
83,1
1389,7
1896,7
708,1
433,1
1012,6
1789,4
122,1
4,7
462,0
159,9
1455,0
276,4
1441,8
1202,8
1161,7
481,8
629,0
1686,6
75,3
1865,4
616,9
1000,9
1925,8
151,9
1065,8
494,9
1121,5
64,1
848,6
732,0
934,5
534,4
850,3
644,7
1096,4
1800,4
688,9
111,6
1155,5
254,2
1942,3
8,1
1285,2
1823,4
1599,4
448,7
979,7
1853,0
13,9
8,6
1201,1
293,3
1395,3
1021,2
1356,9
1393,3
1886,6
1525,3
1250,1
1768,8
1845,7
213,6
1399,4
827,0
1439,2
957,3
1567,4
1720,3
1339,8
1256,5
1352,8
1737,7
279,8
270,5
527,6
132,7
1564,7
756,4
969,2
1402,9
574,0
296,6
810,8
474,6
175,5
744,8
175,0
238,9
1562,2
1402,1
1605,4
1770,4
1626,7
1972,9
211,1
770,2
1923,4
1235,7
1290,1
35,3
918,2
118,5
1065,0
1399,1
608,5
482,7
1485,1
1715,5
1193,9
1693,6
619,4
442,1
1350,4
1686,6
1574,5
1594,3
1945,3
409,3
1774,0
972,3
1807,0
237,4
1837,9
390,1
1087,3
152,1
666,9
715,9
1616,4
1192,3
1512,7
199,9
225,4
1817,5
1030,0
261,4
448,2
564,3
846,1
1932,5
1957,8
748,9
568,9
1435,0
535,1
1,5
1623,9
915,1
84,9
175,9
233,6
1660,5
411,4
990,1
905,9
332,8
1044,4
50,7
750,4
1701,3
52,1
1226,3
170,3
1589,6
1211,6
19,8
830,3
1270,6
1704,5
516,8
916,4
1294,8
946,8
1025,9
1842,2
1695,3
1166,7
1914,6
395,6
854,8
1118,5
1516,2
943,2
1053,6
623,5
237,1
456,0
379,9
1624,0
578,8
989,6
1617,2
543,9
1050,2
513,3
893,0
1445,9
1538,6
1202,9
217,4
1127,4
721,0
381,1
1162,8
1630,4
1244,0
311,6
451,9
670,5
1249,7
1715,5
674,9
1656,9
590,5
1217,0
1520,0
1002,8
937,0
219,0
4,4
876,7
263,0
1368,8
1967,8
627,0
296,0
1706,6
1950,5
111,5
343,4
1266,9
509,9
623,6
1484,2
778,1
1280,8
1866,1
1740,9
999,8
1482,8
853,2
1910,8
1327,8
793,3
1458,1
1637,3
446,3
277,4
1261,9
1667,2
1073,7
1223,0
1696,2
18,3
1950,9
638,0
382,6
1443,8
1000,7
1753,7
9,4
482,0
990,2
1939,1
1710,4
421,7
330,0
544,3
358,5
770,3
1780,6
786,3
373,2
952,8
1822,3
473,6
1900,0
1283,1
1176,8
924,6
1961,6
1387,3
1516,8
1507,4
899,2
1139,2
1185,9
1903,1
1809,8
1356,4
329,5
1374,7
1859,9
386,8
725,2
682,8
1525,2
1836,5
1806,4
697,5
1729,1
670,4
908,8
1676,8
1035,9
1048,2
1874,7
898,0
1973,6
1302,5
1101,5
213,2
1579,5
208,2
890,4
409,4
615,7
538,0
1135,1
882,8
1756,9
51,6
1711,3
1037,6
460,1
408,9
1208,1
1300,7
356,6
1344,6
662,4
332,2
1916,5
1392,3
1024,5
1848,7
266,8
22,4
1609,3
1334,4
1822,4
319,7
1230,2
511,8
1446,0
1556,6
1228,1
1865,2
122,3
1511,3
249,7
615,5
222,3
856,0
1543,4
581,2
997,2
980,6
791,9
1199,1
1802,9
1250,5
434,1
729,9
1543,1
1575,0
1152,9
614,1
1872,6
546,8
467,8
659,3
439,7
574,2
491,8
267,2
504,5
773,9
1874,6
1427,9
1852,1
201,9
1358,3
989,0
825,9
1787,4
1844,9
232,4
1038,4
918,1
1442,5
172,6
920,5
1170,9
578,7
16,0
1314,5
1172,7
1932,5
1205,3
