68,173
284,153
159,88
345,143
275,90
131,9
251,196
222,65
339,134
65,11
157,128
245,20
21,149
236,112
69,46
306,18
104,143
69,8
112,59
371,126
277,113
151,136
163,84
291,132
339,179
13,165
197,61
298,57
194,154
122,13
308,98
57,133
130,118
209,141
365,88
400,198
220,155
93,177
375,130
121,37
309,50
328,89
182,191
221,57
64,191
135,185
171,96
108,106
27,139
345,86
336,5
183,149
143,81
221,6
334,39
121,101
322,171
203,6
265,70
55,109
311,52
200,140
353,186
309,33
26,45
85,53
209,19
354,61
103,115
159,38
289,163
377,194
2,61
255,141
197,33
384,54
333,129
104,126
222,190
283,66
312,5
190,121
102,122
280,69
75,112
155,25
119,198
82,150
156,105
58,196
99,25
368,123
317,173
158,168
107,181
293,78
348,51
282,10
138,17
144,132
83,57
217,191
8,23
108,15
344,183
149,141
122,173
175,100
60,137
66,89
111,110
253,164
254,79
210,144
370,153
4,165
72,134
145,32
141,95
335,199
143,6
56,119
258,87
117,193
148,68
28,57
34,75
9,108
199,80
382,52
121,129
90,133
1,54
234,117
269,53
19,61
280,15
267,178
260,85
282,99
221,111
131,8
45,154
226,182
271,79
166,101
180,123
379,94
119,194
270,84
145,83
159,18
267,114
293,174
56,135
134,200
30,106
193,118
248,139
241,115
173,28
321,131
173,125
160,94
353,194
100,47
256,14
365,76
369,7
112,164
100,55
144,138
15,93
221,68
346,103
332,153
393,110
201,86
124,39
255,167
184,190
259,22
259,129
20,61
34,189
387,179
387,35
66,40
265,39
318,144
379,30
188,170
107,6
117,150
360,187
305,168
211,117
180,95
273,18
283,156
293,157
310,154
10,187
387,58
387,9
77,4
20,56
9,157
237,92
141,11
9,63
254,42
282,104
256,163
322,154
60,97
194,102
32,132
131,65
378,161
374,67
387,79
76,156
267,98
260,175
136,198
232,116
94,155
134,110
333,59
367,57
62,44
242,81
331,158
246,3
81,179
201,36
358,170
156,27
282,162
234,128
128,174
92,1
57,29
351,96
388,86
400,94
344,78
252,46
109,17
250,186
318,26
197,141
63,83
235,173
46,107
71,183
331,179
222,127
215,7
299,14
126,188
11,10
371,69
329,181
96,166
375,141
250,173
337,134
134,132
225,82
127,47
66,171
354,53
117,46
288,153
37,184
337,77
331,101
184,75
192,29
314,100
22,13
318,180
53,31
164,100
71,153
373,53
131,189
302,12
346,190
267,155
66,117
278,178
21,39
365,175
281,103
244,187
222,122
368,95
90,79
335,11
53,34
135,181
163,93
133,9
340,6
258,189
76,62
261,177
243,111
107,105
317,75
295,99
376,108
25,55
216,87
256,57
49,87
15,143
345,139
400,3
235,87
172,120
75,59
326,76
365,118
314,58
276,48
265,12
187,18
289,51
341,62
62,38
342,150
84,76
109,46
119,122
168,40
96,67
86,179
273,74
282,75
162,8
149,23
115,79
224,117
304,163
172,109
51,163
281,80
157,34
72,63
195,70
242,19
296,102
53,159
157,115
162,175
107,93
376,64
29,50
158,148
222,95
354,196
310,71
116,44
228,99
2,133
58,87
162,157
378,57
1,199
132,176
238,130
77,168
86,66
287,55
61,137
371,135
225,19
319,177
399,124
31,102
386,169
100,54
31,169
192,84
241,26
109,175
214,124
48,177
390,118
193,125
6,186
55,131
273,105
85,140
81,181
311,100
224,75
107,185
226,149
64,56
302,1
288,170
256,28
332,89
384,44
43,165
1,79
322,84
201,47
274,181
50,58
21,35
341,123
22,138
386,138
163,35
31,148
132,88
39,123
57,22
381,27
261,13
52,50
28,49
129,101
45,166
27,177
191,109
40,176
45,176
87,24
65,71
93,51
131,129
96,104
245,148
262,87
170,9
172,106
66,82
349,29
100,139
94,40
146,67
8,164
106,143
227,171
335,29
99,133
37,149
5,20
159,55
56,138
232,12
364,87
35,7
395,116
291,128
10,142
298,156
30,140
387,142
143,96
190,195
141,45
334,80
292,172
355,188
242,190
248,69
386,48
45,156
224,170
227,39
299,143
57,98
393,82
40,149
286,28
209,92
394,111
162,97
181,50
218,18
315,107
66,130
168,134
55,136
130,144
297,17
393,65
198,182
271,173
148,142
72,73
160,129
48,21
329,122
206,23
283,18
29,89
397,92
212,176
42,20
234,28
63,150
204,150
281,160
330,165
188,143
293,22
196,10
88,134
348,113
121,41
303,84
62,113
257,170
301,112
320,184
317,109
316,60
187,79
128,186
379,153
348,59
20,103
26,115
194,183
44,114
381,47
119,154
263,189
50,32
344,11
61,146
122,144
225,149
275,117
251,132
134,155
215,88
121,71
334,66
180,155
112,137
174,100
1,164
262,189
195,22
68,46
391,20
174,52
2,192
330,47
177,108
71,14
381,133
138,11
108,165
185,166
334,62
120,66
162,31
7,58
43,49
56,145
103,86
2,44
329,118
247,144
43,88
342,106
373,43
127,115
236,91
25,168
28,98
310,99
387,83
81,59
178,55
205,132
117,158
205,110
61,77
243,174
177,186
265,87
297,153
97,70
102,28
381,56
355,139
286,117
252,121
141,9
160,106
266,158
376,158
184,123
165,143
85,138
171,154
363,60
336,55
40,29
146,136
205,112
187,3
72,64
325,48
338,68
157,185
8,144
186,44
202,66
251,147
358,163
305,182
321,10
209,61
299,8
144,158
236,97
13,22
70,7
360,107
81,100
14,1
146,186
364,4
69,169
397,11
155,199
230,169
53,107
2,86
335,18
350,98
93,181
36,29
39,81
200,151
20,148
389,43
344,120
37,17
12,49
322,136
353,174
111,112
294,41
225,199
112,53
24,71
22,158
80,123
346,31
238,112
20,75
195,52
157,97
121,115
206,90
395,146
358,64
295,200
238,110
389,200
349,55
36,8
298,8
233,158
388,197
7,199
179,4
77,31
397,147
306,184
136,58
65,59
195,65
308,95
114,64
162,4
349,48
281,183
280,180
330,51
257,143
310,3
155,164
188,178
28,120
224,159
153,88
42,129
381,66
148,54
123,37
210,132
201,159
201,2
362,137
342,46
341,44
323,156
394,84
323,184
139,168
280,156
32,181
12,164
399,190
113,126
123,78
297,93
253,167
276,98
115,192
173,57
299,56
308,172
77,77
89,50
59,123
93,102
298,173
249,39
381,101
251,58
86,44
260,138
28,72
274,91
331,160
46,49
127,136
85,139
318,61
103,79
136,96
385,29
31,171
187,82
326,77
289,91
140,197
50,125
69,143
346,102
316,194
256,102
314,165
383,115
357,109
340,143
362,48
268,73
281,78
27,167
178,93
396,110
387,49
60,135
270,117
261,10
396,84
203,79
357,182
345,49
59,100
345,129
73,122
69,132
222,6
96,179
185,181
259,70
388,80
217,128
209,49
74,65
197,192
120,158
358,11
267,128
214,17
61,70
381,190
68,132
23,68
131,185
275,29
351,17
231,179
18,111
132,155
290,41
397,85
270,192
102,37
398,62
239,150
168,182
141,140
162,34
13,182
363,63
183,45
327,96
164,168
126,174
164,146
237,35
390,120
77,58
233,28
110,195
147,25
83,188
166,157
278,110
128,142
191,94
260,51
291,81
70,146
349,49
136,149
285,186
215,124
20,4
325,1
299,150
213,38
181,102
313,22
331,147
395,94
18,63
173,17
44,85
385,78
291,142
167,19
102,123
282,101
337,186
137,118
397,153
183,110
253,3
18,77
212,61
67,6
295,24
378,99
151,20
135,64
378,145
264,185
238,165
326,163
349,140
222,179
62,114
304,176
353,138
185,2
153,93
17,79
296,41
100,129
59,135
321,145
42,18
388,42
270,40
355,165
383,90
315,16
373,83
329,117
155,107
199,36
210,57
316,160
171,66
50,34
114,12
246,176
123,169
82,180
206,44
106,180
145,116
137,156
138,148
377,29
33,198
164,156
103,35
237,11
313,108
157,112
19,109
79,95
101,134
11,55
5,17
323,192
282,19
223,56
20,131
168,88
108,156
166,97
240,18
123,38
91,126
268,80
101,153
323,180
303,34
86,85
29,32
276,96
50,54
229,172
381,33
223,13
277,147
312,125
293,134
46,97
247,71
280,197
18,112
251,127
163,11
139,84
189,71
280,141
49,101
164,23
171,23
165,109
178,125
191,38
253,183
319,190
70,50
40,109
48,90
302,82
24,99
387,197
397,120
340,151
286,192
83,122
136,108
115,24
60,1
245,60
146,69
86,131
224,124
116,97
169,200
180,131
373,17
293,167
84,170
338,29
147,184
27,85
42,136
32,189
315,71
66,153
251,105
57,17
13,174
293,40
243,56
198,10
340,110
378,68
380,117
218,96
358,19
291,183
122,123
341,45
343,24
29,67
207,170
147,87
21,41
371,12
199,180
27,105
395,40
41,65
203,130
227,184
225,163
51,25
64,30
201,184
152,34
62,155
215,120
169,134
272,84
68,114
253,131
348,78
388,161
171,161
235,47
213,5
90,39
68,147
117,48
372,141
198,167
78,96
236,115
37,126
166,151
323,85
253,174
368,105
341,48
103,50
146,182
25,118
346,87
190,180
287,80
319,133
40,6
5,171
84,52
303,111
46,178
357,155
367,179
336,44
55,197
326,93
233,86
246,164
89,139
312,157
343,200
152,159
57,20
40,33
382,120
2,93
276,117
27,188
131,165
306,128
47,114
89,79
261,62
128,84
282,102
277,184
84,62
13,90
101,82
273,68
26,130
25,9
104,99
121,15
66,53
46,113
122,32
264,58
221,45
277,128
333,7
209,182
365,166
78,152
350,159
181,4
188,196
122,61
248,20
33,78
324,171
372,49
160,64
399,53
247,193
65,169
248,191
82,148
310,9
85,15
206,48
317,25
156,23
175,9
332,169
235,137
353,32
250,119
120,58
198,170
58,2
28,158
196,71
2,144
86,174
104,9
253,80
33,155
48,163
206,165
237,26
31,118
306,92
264,131
11,125
21,120
110,111
142,104
328,30
168,68
293,62
225,117
194,181
201,59
323,144
49,97
387,70
245,191
334,159
136,45
96,138
324,15
28,41
63,69
380,78
268,24
236,17
38,180
149,40
157,167
202,45
46,30
228,47
132,162
190,48
65,77
288,137
332,160
54,71
41,156
85,154
83,31
48,124
223,177
293,89
111,91
14,75
91,26
70,177
361,160
114,122
82,169
116,115
157,181
215,3
61,171
273,175
136,31
103,7
360,168
42,186
218,32
189,114
65,51
168,175
302,40
222,92
208,147
207,35
219,31
93,121
330,164
142,170
324,139
198,179
208,189
354,81
360,125
20,109
15,9
34,148
321,179
381,8
191,119
162,128
231,101
115,7
22,156
67,48
109,42
163,69
372,38
175,10
385,130
342,41
383,56
222,156
39,29
150,92
311,17
331,63
306,157
55,11
119,88
299,188
343,84
283,77
234,82
317,47
336,6
31,149
72,83
347,196
194,12
60,179
118,103
93,182
241,98
342,129
243,83
246,47
329,129
367,137
26,92
356,133
4,93
291,4
229,28
354,145
169,109
59,130
310,2
7,168
216,152
155,87
78,73
342,45
65,4
70,58
216,78
174,163
45,190
24,182
44,140
105,141
97,168
9,3
287,10
367,95
240,36
95,28
304,145
291,60
248,140
170,80
235,25
290,1
210,116
23,163
248,179
9,143
68,36
399,92
314,70
78,122
113,105
184,103
98,132
36,198
21,66
1,51
252,100
298,103
172,117
344,35
334,16
251,63
218,90
310,199
190,71
157,66
178,133
239,34
107,82
35,82
385,6
292,60
130,16
301,110
354,74
67,23
168,108
53,69
138,170
116,164
52,148
226,125
267,33
204,85
212,122
183,57
19,184
395,130
5,101
242,52
28,27
64,158
78,55
320,153
300,179
18,161
99,54
86,29
197,12
247,54
293,94
119,193
356,15
159,125
14,27
147,83
387,47
167,176
231,137
196,28
265,118
8,175
36,53
81,89
135,7
264,111
132,83
29,12
347,116
54,13
228,113
343,178
239,39
336,149
27,49
201,124
72,51
206,63
366,185
395,41
330,18
310,134
315,60
303,25
160,134
313,2
16,96
5,33
343,67
18,125
99,200
167,3
18,137
156,80
361,177
124,109
53,77
331,173
258,71
343,168
380,110
160,5
185,88
150,32
211,194
295,121
183,77
166,73
78,137
362,162
62,166
140,6
288,111
302,115
80,13
27,129
147,172
8,184
371,184
140,14
166,128
13,50
14,100
117,3
288,110
341,136
354,66
276,177
54,17
301,94
276,84
8,128
249,193
260,25
2,16
73,148
262,74
95,100
134,5
46,86
358,34
340,118
360,147
137,99
381,45
210,1
219,34
375,105
204,195
181,99
220,112
243,151
305,191
101,22
264,69
97,172
52,80
70,57
53,192
309,60
265,1
295,39
326,34
237,48
339,146
84,141
281,112
65,5
141,119
102,94
379,155
151,34
81,103
272,113
145,1
20,60
178,56
350,92
1,181
278,119
345,200
113,176
171,159
212,3
139,37
230,183
312,51
279,159
92,21
19,31
40,126
148,70
286,115
379,40
91,31
364,89
42,4
124,88
346,188
284,89
187,187
51,129
58,93
172,144
210,71
69,24
335,86
210,47
208,25
213,198
84,183
175,71
290,128
162,153
357,102
350,35
254,95
376,26
296,65
282,194
105,124
397,14
109,94
199,16
370,178
132,143
244,189
309,155
134,30
251,162
325,170
162,200
285,90
222,25
343,199
119,182
57,63
52,88
60,54
393,39
236,141
352,138
178,97
391,133
256,11
159,67
353,27
65,80
223,116
14,101
369,190
157,187
251,46
355,54
68,197
369,150
165,67
336,135
118,18
174,67
40,154
262,68
162,39
161,180
381,165
350,184
366,199
194,25
102,146
304,112
396,156
359,188
53,52
190,142
377,192
368,63
37,121
248,62
159,199
315,75
238,4
39,162
37,81
319,120
163,82
340,183
156,155
323,34
197,7
193,55
310,127
95,57
44,191
33,67
183,44
1,105
238,126
284,64
249,88
279,106
317,186
13,198
364,189
336,58
266,191
232,109
271,186
156,129
159,130
380,9
42,142
164,111
114,148
65,26
17,146
49,144
262,136
77,74
51,70
85,160
344,15
287,24
398,131
161,109
116,26
390,49
232,162
57,196
231,108
218,20
224,54
282,20
225,34
182,120
340,197
225,33
351,45
28,45
352,52
390,157
85,100
73,13
308,56
308,131
330,171
290,123
62,134
255,112
45,90
391,192
55,62
368,191
44,40
291,39
330,3
255,100
147,52
28,8
352,149
144,123
9,94
228,153
240,87
276,185
368,142
184,161
40,81
53,59
23,170
323,13
55,5
381,99
282,35
266,53
277,76
350,88
383,174
127,86
263,56
24,109
56,5
256,119
46,161
232,39
118,149
279,78
311,42
294,97
66,119
250,179
90,27
116,73
259,18
59,58
109,87
372,123
221,125
262,188
288,182
65,3
287,144
8,140
368,162
82,5
82,66
229,155
55,36
237,175
287,186
46,6
344,134
223,148
88,8
243,110
214,192
311,169
203,179
205,165
28,190
170,185
260,91
65,109
132,102
270,170
26,62
163,130
130,188
18,47
351,181
222,197
327,48
130,135
178,62
254,50
145,84
214,107
367,98
313,65
104,1
113,10
75,150
367,190
164,102
219,92
176,91
93,108
219,14
236,162
356,122
168,78
205,91
250,79
3,78
317,13
348,147
236,178
62,141
238,39
212,46
64,62
366,174
73,165
241,165
231,39
10,75
103,171
399,115
55,69
105,122
44,119
195,100
130,85
226,49
247,131
354,97
262,142
100,181
357,125
169,17
269,187
333,161
308,76
205,53
166,153
259,132
313,81
360,95
211,115
104,97
348,31
235,165
133,73
134,150
204,13
321,154
42,126
358,86
354,188
175,112
154,33
172,14
343,114
23,194
42,189
152,138
140,15
327,57
203,131
373,103
338,177
328,185
249,180
139,153
353,130
2,52
318,130
350,157
131,15
197,92
335,62
271,102
185,105
400,179
236,41
105,66
242,182
125,60
338,142
339,83
266,70
176,81
299,148
194,161
102,88
349,102
234,127
342,148
379,149
272,82
353,61
266,165
262,26
117,187
13,75
390,12
259,1
336,105
295,167
271,145
56,158
293,95
275,150
212,85
329,148
143,55
34,190
193,104
84,63
394,37
274,147
157,19
277,65
75,154
235,36
254,38
369,104
197,8
386,5
98,33
253,93
260,146
151,60
389,108
374,100
68,179
313,166
240,66
376,32
169,60
303,10
278,183
361,62
277,145
254,98
183,96
141,127
360,99
104,47
191,9
306,1
346,12
38,95
52,157
144,153
11,113
15,6
360,56
270,34
161,15
251,185
163,52
162,25
349,32
38,87
130,183
292,139
284,70
55,26
145,152
379,55
263,145
306,177
38,167
264,170
114,75
23,165
261,124
234,197
206,62
371,37
236,20
314,76
265,195
92,28
102,50
335,87
123,10
391,80
139,193
394,146
376,71
51,75
124,85
233,151
115,129
365,100
361,74
246,16
215,83
220,85
285,73
326,200
46,84
276,181
223,160
348,114
77,33
22,141
48,169
230,86
148,161
92,164
18,96
349,81
192,134
112,157
125,31
184,179
218,80
340,190
121,11
103,161
231,131
392,129
106,31
233,190
233,196
125,158
73,53
207,155
333,155
156,32
278,117
124,99
275,114
178,168
352,172
50,55
144,46
364,118
89,56
364,181
211,188
386,13
207,86
209,32
42,70
393,187
342,14
35,158
86,15
174,172
155,185
123,81
132,166
302,168
395,79
252,3
335,104
85,146
114,109
27,199
93,186
106,53
99,117
250,109
362,179
332,157
307,21
300,164
174,77
209,66
160,105
88,136
69,122
208,158
85,148
246,153
328,115
95,49
233,161
215,59
205,154
140,131
176,76
57,64
243,135
83,197
263,192
102,11
279,141
157,151
393,32
20,132
148,148
157,81
351,41
308,65
349,23
339,77
345,140
53,145
195,102
267,9
392,175
144,129
292,67
253,151
231,139
284,65
55,31
141,174
43,101
377,94
371,188
26,177
280,71
247,120
87,10
113,149
93,126
303,123
146,37
377,181
229,100
326,48
315,179
198,136
6,174
351,43
103,120
329,64
84,172
88,197
328,28
300,50
285,38
186,89
170,25
72,115
332,131
155,169
86,184
145,119
280,10
78,72
273,67
311,145
5,108
175,47
156,99
116,88
96,157
313,19
20,113
355,166
324,41
227,147
17,71
133,90
217,187
124,5
265,142
204,181
66,197
389,40
332,167
146,119
397,21
229,32
280,20
241,169
101,124
148,135
84,174
283,130
177,200
340,161
359,167
209,108
133,145
65,174
80,120
78,14
238,53
358,17
189,170
378,98
199,166
313,45
23,31
282,30
328,169
91,125
258,72
189,46
148,47
219,177
16,14
398,22
41,133
211,22
317,92
151,82
66,6
231,188
130,17
218,168
214,166
331,112
228,184
216,90
297,87
156,10
180,146
397,143
39,198
180,159
191,120
79,88
126,4
297,174
125,116
148,30
259,23
332,132
324,111
123,121
138,137
28,129
308,114
96,184
209,134
146,3
362,96
315,6
243,144
324,104
256,80
64,48
391,125
277,127
329,94
382,162
112,125
305,54
24,128
321,74
269,23
4,162
376,163
178,98
25,99
274,149
227,70
20,8
250,175
174,1
253,147
328,23
163,68
246,200
248,131
232,149
180,32
3,142
207,137
125,76
23,28
363,139
205,180
347,100
19,37
80,156
262,56
369,118
347,101
288,48
27,108
220,160
78,49
374,5
217,11
243,70
167,147
54,171
184,116
234,69
124,127
34,158
210,15
65,120
90,142
331,177
245,172
179,186
165,184
364,7
156,182
223,192
299,68
379,117
379,2
300,117
61,135
75,15
226,28
187,37
393,121
159,36
172,33
171,76
345,38
66,95
257,164
105,123
131,55
333,63
310,36
154,168
72,113
278,129
58,147
34,92
391,58
366,147
296,166
318,173
129,10
138,154
235,188
37,116
120,139
258,51
111,95
60,82
168,163
17,148
29,142
28,121
370,16
82,44
164,87
30,103
258,64
157,62
79,156
218,67
66,135
119,78
164,170
304,26
7,195
111,17
310,34
30,37
145,187
325,17
191,152
45,137
245,80
43,154
361,155
229,181
94,158
287,17
364,131
156,11
221,120
228,138
62,27
361,51
53,21
314,181
295,186
8,126
106,157
87,108
14,83
393,20
89,107
95,98
258,106
223,176
208,15
212,159
224,43
8,30
39,22
209,125
205,98
239,8
342,145
49,124
16,189
75,148
79,67
104,152
71,166
238,98
94,189
151,104
79,164
345,152
190,131
170,96
271,17
166,192
309,190
315,174
299,91
331,191
244,82
340,45
11,102
170,112
358,7
132,61
262,35
129,19
260,190
102,55
366,125
13,104
136,54
338,31
290,57
396,98
79,127
125,181
189,65
73,36
150,24
21,190
200,55
82,39
4,114
103,100
153,182
127,172
62,22
216,171
65,160
295,38
242,84
235,78
351,63
328,197
142,51
32,177
60,39
273,163
72,61
97,47
367,88
201,169
149,18
293,68
104,55
295,9
213,27
78,193
375,148
347,3
275,190
141,149
324,99
49,123
264,55
91,176
151,100
307,95
38,147
272,32
96,69
38,195
175,85
367,150
365,157
346,39
94,35
309,80
217,130
380,142
282,63
335,119
265,106
277,86
137,193
3,1
144,27
187,93
248,169
20,126
74,29
205,160
70,128
305,132
322,52
361,148
232,134
52,133
94,26
231,151
116,19
373,61
368,185
269,197
57,33
134,119
277,130
123,62
147,157
7,88
200,187
47,141
218,132
146,161
366,139
353,105
290,106
350,94
377,158
102,45
154,146
381,19
327,157
398,177
334,124
400,20
2,85
247,96
224,98
96,126
250,131
232,78
341,100
194,99
396,44
129,191
178,33
135,70
285,146
143,75
116,24
361,27
218,48
24,51
8,170
284,26
60,23
256,174
132,197
56,42
41,30
347,129
158,92
63,143
316,75
395,117
291,188
110,91
292,101
160,185
283,80
174,45
274,11
49,99
38,156
211,55
247,40
257,92
339,144
206,18
304,131
317,33
331,146
188,73
291,93
386,37
292,192
279,27
133,157
230,4
369,120
115,44
315,96
238,178
48,26
384,100
274,70
231,67
334,92
132,184
400,26
321,115
145,155
121,66
380,148
385,199
251,181
211,175
136,10
15,159
38,118
95,23
71,134
364,42
224,65
306,83
95,103
275,28
351,103
261,26
336,199
272,80
392,47
257,82
186,200
341,185
380,143
323,182
294,198
60,176
174,10
131,117
198,134
61,155
147,18
311,196
28,59
202,51
391,34
319,97
307,44
146,158
389,123
25,40
3,65
17,37
369,9
207,139
317,133
15,85
127,85
56,11
280,184
28,74
274,14
121,24
179,76
146,155
33,22
171,195
151,97
294,109
305,116
28,172
188,128
229,46
251,109
68,200
288,104
48,112
181,132
46,73
28,94
163,79
183,52
214,58
327,91
213,146
18,167
81,66
129,29
14,58
261,170
202,188
98,143
207,73
93,143
91,93
22,171
287,179
118,98
57,39
312,1
18,157
359,38
231,52
331,100
344,41
2,21
323,158
240,132
253,95
278,197
213,200
212,59
265,169
175,48
118,116
289,169
176,188
195,25
389,197
298,154
242,28
244,139
353,69
114,173
10,30
67,172
389,95
228,77
240,125
73,68
37,99
10,82
376,128
46,25
292,183
88,95
211,193
148,196
79,114
256,68
331,189
170,90
129,153
254,67
362,169
380,174
94,92
219,93
242,177
143,188
59,48
284,100
387,128
248,86
257,24
378,29
36,65
65,182
201,172
383,162
335,7
219,62
91,128
164,150
160,188
130,32
93,183
75,106
361,59
389,45
239,185
207,190
298,128
109,152
79,176
327,187
124,125
193,42
292,117
137,8
280,152
162,169
85,130
114,15
207,18
334,27
113,135
145,87
322,103
94,29
182,135
251,34
42,146
314,160
13,163
86,127
126,64
186,132
209,151
18,123
133,134
351,194
120,89
389,102
204,110
167,178
211,144
288,37
365,176
205,74
309,194
268,197
187,160
117,85
335,161
202,22
226,176
48,91
61,172
123,190
238,122
187,168
230,69
312,95
115,177
46,130
398,114
248,77
148,104
159,93
69,6
143,187
142,55
30,57
263,96
188,190
380,91
248,8
268,8
200,30
147,116
152,167
156,186
38,175
14,61
250,158
201,75
225,139
191,100
192,141
335,103
87,13
286,42
186,148
134,8
111,118
235,49
286,163
136,61
283,35
359,104
80,100
2,126
173,20
76,169
286,181
222,142
32,28
211,99
340,72
227,103
255,170
112,103
375,200
370,148
190,1
339,46
185,110
110,42
119,70
32,126
114,57
203,38
372,51
15,82
99,7
15,71
350,186
176,145
189,10
351,78
70,61
85,62
207,84
219,12
151,116
365,54
98,160
48,172
232,185
3,82
205,128
136,125
318,1
175,103
288,128
278,130
233,112
130,103
347,135
188,60
276,35
397,127
183,59
71,157
55,70
41,128
153,4
48,12
183,197
141,97
20,141
171,190
307,173
333,121
374,16
297,113
263,99
215,199
392,193
72,65
42,185
71,165
368,33
144,13
82,38
18,6
48,187
326,128
77,165
76,142
103,175
219,107
247,27
53,112
333,131
43,200
57,59
214,128
25,15
112,150
118,36
390,168
399,122
126,55
217,77
134,92
184,50
269,188
381,162
335,105
168,178
267,68
301,72
285,176
328,49
331,46
353,175
386,140
301,19
238,61
26,158
156,110
217,87
152,67
341,11
390,16
376,100
6,144
259,74
64,77
26,173
11,169
183,72
42,75
166,140
313,9
304,166
69,136
377,112
191,132
248,176
47,137
185,154
344,109
276,30
384,35
379,137
12,120
357,156
253,83
30,39
364,6
299,132
150,87
111,11
264,190
399,89
266,68
197,15
139,88
183,195
176,33
196,65
43,19
260,176
125,137
317,76
76,118
149,7
131,67
10,47
252,88
195,69
53,178
327,26
276,18
23,153
288,38
274,74
267,19
244,143
315,156
289,96
340,56
372,45
19,187
275,66
283,101
5,38
224,53
83,154
340,179
335,178
196,48
312,189
34,134
88,76
49,95
51,52
82,71
128,155
114,48
229,52
95,33
213,59
350,126
329,160
206,118
47,68
234,166
340,116
370,33
226,80
342,20
186,50
199,75
81,79
205,158
154,31
184,73
295,124
40,37
159,52
59,42
382,151
282,177
288,168
34,123
387,76
94,10
170,157
269,64
175,92
330,138
350,164
276,120
101,68
47,31
34,152
198,131
283,81
290,144
170,45
297,118
143,87
87,109
19,101
62,30
301,75
285,100
311,75
306,7
46,81
239,80
252,15
205,113
259,195
339,103
101,103
2,20
349,42
27,122
250,137
369,107
283,168
174,109
266,49
218,21
360,174
80,161
108,176
145,63
188,68
389,160
7,200
344,129
90,197
251,49
259,4
204,43
24,164
130,111
243,179
311,115
108,104
70,141
3,192
183,50
183,80
352,175
208,178
86,102
311,71
90,165
232,118
335,165
280,151
61,88
230,111
280,168
259,185
349,175
49,120
33,162
221,55
234,37
188,85
250,141
231,42
110,31
230,42
299,43
254,35
292,72
74,112
347,174
314,147
365,135
174,29
108,123
241,142
107,5
342,35
395,17
211,178
8,25
336,150
387,148
62,18
238,190
103,144
153,150
313,191
207,130
338,182
255,51
187,59
235,184
36,66
323,27
371,95
304,53
332,66
159,170
80,60
115,124
389,189
89,144
360,188
394,91
277,163
99,104
356,157
80,44
186,2
127,153
252,97
340,70
360,154
107,122
76,128
76,57
351,146
214,24
303,180
95,146
272,140
267,125
224,48
151,135
287,112
7,189
94,98
150,15
73,106
336,10
356,107
81,121
38,81
124,50
136,130
107,106
332,71
106,32
62,54
306,114
219,109
294,139
371,7
239,63
161,118
152,187
261,156
345,183
69,113
116,137
8,163
304,17
126,74
9,70
32,87
356,59
315,15
35,73
188,139
93,3
186,37
19,88
84,34
212,132
390,121
326,151
397,195
47,110
47,97
356,121
263,142
358,159
239,200
392,138
318,79
226,138
385,159
151,66
315,77
375,164
268,195
292,78
179,188
324,105
163,22
379,45
7,106
22,87
167,37
355,100
164,15
110,46
353,9
194,9
65,105
178,196
134,76
49,23
16,143
18,164
187,151
6,11
3,196
323,29
9,131
97,3
143,19
384,38
335,187
348,156
377,65
15,91
61,7
298,46
44,54
194,75
350,199
90,72
131,175
68,129
154,38
71,26
51,43
319,44
358,1
231,106
96,15
135,33
336,18
77,130
86,83
93,70
38,89
313,14
271,197
335,71
127,103
325,8
322,67
325,180
94,99
296,173
63,132
132,111
84,64
5,31
22,198
397,23
284,59
219,180
192,119
350,39
261,115
354,78
267,132
239,11
377,28
191,136
239,35
14,128
154,199
213,30
248,142
24,170
381,124
3,199
322,174
349,141
237,186
234,134
194,47
144,63
8,77
112,191
40,115
68,169
106,173
215,73
175,1
88,168
111,62
252,183
368,179
374,165
11,168
40,49
158,64
278,127
161,169
271,34
105,169
235,197
30,152
259,138
221,86
146,86
287,115
354,112
296,91
163,64
158,117
300,29
371,154
114,53
356,60
26,18
168,90
34,159
57,10
80,53
127,139
180,90
144,2
283,8
301,145
325,83
223,106
84,72
39,166
83,37
385,137
285,138
186,80
377,156
131,44
369,68
247,26
163,129
124,23
210,94
270,196
112,158
90,179
108,143
32,110
220,106
312,150
132,3
370,8
164,17
61,36
276,83
217,25
225,145
46,58
84,54
25,190
199,14
233,147
23,123
109,120
71,40
172,21
122,122
354,147
31,57
157,147
266,34
299,183
391,122
225,90
109,10
348,121
211,149
296,22
70,178
337,113
294,82
205,141
196,1
278,107
108,181
25,24
289,23
239,7
365,92
270,159
53,10
95,115
126,115
398,132
131,132
52,191
273,154
52,69
312,145
71,182
130,11
129,51
366,121
42,159
285,113
132,119
239,41
259,53
388,127
109,58
320,175
152,14
207,48
380,93
363,77
81,160
178,4
159,109
248,132
180,119
2,96
392,23
109,21
32,72
274,165
212,83
203,9
17,64
333,127
125,147
15,97
267,60
250,18
30,25
398,155
294,117
204,144
258,161
261,197
385,194
217,56
88,154
151,96
115,69
66,123
104,90
310,186
56,161
132,24
48,42
186,182
162,41
292,100
176,167
229,103
270,119
20,53
277,165
151,41
358,31
160,150
21,25
26,102
241,113
385,152
276,191
260,115
175,194
284,86
260,154
106,11
192,82
355,110
94,161
330,145
45,125
272,13
108,38
110,16
123,179
319,41
194,184
78,125
302,178
163,103
350,64
156,177
225,2
365,45
222,150
136,50
363,31
8,115
236,193
273,31
52,92
81,22
110,179
52,34
351,176
8,121
323,10
201,31
316,145
138,187
329,147
344,67
183,164
63,118
314,119
40,165
234,112
153,48
270,29
123,162
329,199
362,28
327,172
127,51
166,34
92,41
341,52
12,187
45,44
185,23
273,4
298,12
231,76
59,97
73,142
171,170
96,17
235,172
68,145
268,63
83,101
5,184
53,40
287,56
377,143
367,165
212,106
214,155
233,149
91,169
183,108
99,75
101,120
6,3
399,180
81,14
109,54
394,152
103,94
203,88
286,48
234,121
171,28
309,4
99,135
43,23
192,42
103,15
397,181
51,174
36,147
251,120
380,29
269,80
47,180
79,18
281,177
257,190
284,190
365,198
56,101
310,177
23,195
395,63
1,186
106,163
313,5
36,185
104,181
123,146
124,195
265,147
3,141
61,84
101,57
73,86
260,171
61,89
101,142
220,156
196,14
297,5
264,132
244,9
9,194
137,190
274,1
116,8
30,2
331,52
159,25
14,115
273,47
59,162
283,84
370,17
46,126
137,3
146,131
382,146
332,45
139,31
325,183
300,181
316,74
301,164
356,85
122,40
94,7
337,175
207,91
397,102
211,111
128,165
130,107
147,133
256,175
242,40
183,9
341,163
231,103
81,168
381,147
110,165
20,17
54,62
317,57
307,11
272,173
54,65
384,187
182,98
224,15
46,188
264,127
357,97
197,134
28,36
355,181
58,191
395,158
120,20
45,38
139,57
237,125
100,91
109,142
393,158
397,183
242,98
357,184
115,30
318,36
253,193
372,80
19,68
157,46
220,193
6,129
173,42
305,62
293,73
353,102
69,51
145,30
101,123
183,19
392,104
140,158
251,190
104,163
160,29
304,137
12,76
96,178
178,91
38,55
158,83
307,19
386,39
194,180
96,63
342,56
43,199
134,21
14,92
329,74
94,160
352,6
50,121
34,199
83,10
25,179
109,27
230,18
234,97
202,29
42,111
277,189
163,154
207,147
74,186
327,27
141,145
367,71
214,86
244,20
351,143
190,95
165,24
283,182
207,117
28,182
299,120
189,144
221,188
357,10
198,14
306,79
390,198
113,70
210,153
224,107
148,36
148,48
133,24
137,185
154,144
317,162
273,44
187,65
186,27
329,90
246,2
368,87
241,62
351,116
303,27
78,76
168,147
99,165
339,197
103,116
307,195
278,88
68,130
168,183
372,15
268,66
359,18
176,137
134,163
296,6
340,191
56,38
290,117
190,161
28,178
43,59
177,32
168,21
159,10
75,66
94,184
285,172
285,177
211,74
225,75
206,182
300,28
372,48
287,134
365,61
208,180
45,85
330,31
68,151
120,126
247,197
127,90
349,69
217,119
85,166
330,74
296,101
306,6
252,83
106,16
21,116
152,139
190,122
163,163
24,35
62,31
353,15
345,153
47,82
371,107
19,102
98,69
161,55
204,106
289,84
237,141
378,104
197,54
206,71
7,175
136,8
276,192
165,54
230,39
115,93
92,85
186,124
152,136
156,151
377,100
46,34
377,162
195,93
374,52
77,90
354,77
291,167
298,114
65,155
278,120
67,27
164,37
95,50
165,23
85,18
277,181
251,151
88,58
116,165
176,66
23,132
389,18
167,119
394,109
325,198
394,63
353,176
146,55
119,155
244,190
362,188
239,151
167,155
33,18
9,29
108,79
155,37
9,106
34,170
400,156
263,94
322,115
37,124
220,86
375,63
93,91
319,170
210,181
21,180
197,166
390,103
58,144
200,117
21,124
223,57
332,198
113,118
113,166
137,43
60,88
334,9
313,158
129,138
329,97
284,142
286,136
201,80
23,134
49,46
4,182
280,61
363,158
340,20
328,59
67,24
274,54
232,177
119,48
216,161
348,145
106,24
368,198
321,137
341,122
156,119
222,165
176,195
334,192
297,121
31,141
271,12
141,26
58,111
300,53
303,80
321,174
73,129
76,70
104,103
156,29
396,47
113,20
176,84
144,175
215,17
360,70
200,163
280,53
381,189
123,89
203,11
266,195
355,45
276,13
14,183
293,27
45,3
263,60
225,64
20,38
351,52
121,27
242,145
41,158
129,103
13,172
76,29
383,148
378,166
124,170
9,89
267,75
138,4
106,160
40,78
93,130
45,103
133,138
19,128
18,174
74,1
207,63
211,44
327,178
395,110
350,119
309,185
274,83
223,134
382,34
9,4
391,2
372,145
329,11
236,161
15,2
325,103
101,42
